entries  allocs   destroys hash_grows lookups  hits     res_failed rcv_probes_mcast rcv_probes_ucast periodic_gc_runs forced_gc_runs unresolved_discards table_fulls
00000007 00000000 00000000 00000000   00000000 00000000 00000000   00000000         00000000         0000098c         00000000       00000000            00000000
00000007 00000000 00000000 00000000   00000000 00000000 00000000   00000000         00000000         0000049c         00000000       00000000            00000000
00000007 00000004 00000001 00000000   00000000 00000000 00000000   00000000         00000000         00001f88         00000000       00000000            00000000
00000007 00000001 00000000 00000000   00000000 00000000 00000000   00000000         00000000         000002d6         00000000       00000000            00000000
00000007 00000001 00000000 00000000   00000000 00000000 00000000   00000000         00000000         000025e9         00000000       00000000            00000000
00000007 00000000 00000000 00000000   00000000 00000000 00000000   00000000         00000000         00000112         00000000       00000000            00000000
00000007 00000001 00000001 00000000   00000000 00000000 00000000   00000000         00000000         00002545         00000000       00000000            00000000
00000007 00000000 00000000 00000000   00000000 00000000 00000000   00000000         00000000         0000030f         00000000       00000000            00000000
00000007 00000000 00000004 00000000   00000000 00000000 00000000   00000000         00000000         00002a03         00000000       00000000            00000000
00000007 00000000 00000000 00000000   00000000 00000000 00000000   00000000         00000000         000014db         00000000       00000000            00000000
00000007 00000000 00000000 00000000   00000000 00000000 00000000   00000000         00000000         00002e3a         00000000       00000000            00000000
00000007 00000001 00000000 00000000   00000000 00000000 00000000   00000000         00000000         000014f9         00000000       00000000            00000000
00000007 00000000 00000000 00000000   00000000 00000000 00000000   00000000         00000000         00002c59         00000000       00000000            00000000
00000007 00000000 00000000 00000000   00000000 00000000 00000000   00000000         00000000         00000901         00000000       00000000            00000000
00000007 00000001 00000000 00000000   00000000 00000000 00000000   00000000         00000000         000024ef         00000000       00000000            00000000
00000007 00000001 00000000 00000000   00000000 00000000 00000000   00000000         00000000         00000842         00000000       00000000            00000000
00000007 00000000 00000000 00000000   00000000 00000000 00000000   00000000         00000000         00001d7f         00000000       00000000            00000000
00000007 00000001 00000000 00000000   0000034b 00000000 00000000   00000000         00000000         0000155d         00000000       00000000            00000000
00000007 00000001 00000000 00000000   00000000 00000000 00000000   00000000         00000000         00000973         00000000       00000000            00000000
00000007 00000001 00000000 00000000   00000000 00000000 00000000   00000000         00000000         0000056a         00000000       00000000            00000000
