sk               Eth Pid        Groups   Rmem     Wmem     Dump  Locks    Drops    Inode
0000000000000000 0   357989     00000440 0        0        0     2        0        1855078 
0000000000000000 0   1046       00000111 0        0        0     2        0        16883   
0000000000000000 0   0          00000000 0        0        0     2        0        13      
0000000000000000 0   358159     00000440 0        0        0     2        0        1873806 
0000000000000000 0   1103       000405d1 0        0        0     2        0        12793   
0000000000000000 0   112004     00000111 0        0        0     2        0        673263  
0000000000000000 0   358395     00000440 0        0        0     2        0        1855113 
0000000000000000 0   364204     00000440 0        0        0     2        0        1914147 
0000000000000000 0   368411     00000113 0        0        0     2        0        1934250 
0000000000000000 0   358203     00000440 0        0        0     2        0        1879297 
0000000000000000 0   358759     00000113 0        0        0     2        0        1854359 
0000000000000000 4   0          00000000 0        0        0     2        0        8066    
0000000000000000 7   0          00000000 0        0        0     2        0        4155    
0000000000000000 9   0          00000000 0        0        0     2        0        19      
0000000000000000 9   1          00000000 0        0        0     2        0        698983  
0000000000000000 10  0          00000000 0        0        0     2        0        4097    
0000000000000000 11  0          00000000 0        0        0     2        0        3073    
0000000000000000 12  0          00000000 0        0        0     2        0        10596   
0000000000000000 12  1          00000000 0        0        0     2        0        705584  
0000000000000000 15  357922     00000002 0        0        0     2        0        1862060 
0000000000000000 15  3817417533 00000002 0        0        0     2        0        12103   
0000000000000000 15  4375       00000002 0        0        0     2        0        26515   
0000000000000000 15  215309     00000002 0        0        0     2        0        1152324 
0000000000000000 15  358191     00000002 0        0        0     2        0        1871209 
0000000000000000 15  3357823634 00000002 0        0        0     2        0        413576  
0000000000000000 15  1          00000002 0        0        0     2        0        705582  
0000000000000000 15  1607       00000002 0        0        0     2        0        13151   
0000000000000000 15  1080       00000002 0        0        0     2        0        17890   
0000000000000000 15  4019821919 00000002 0        0        0     2        0        12813   
0000000000000000 15  3705548325 00000001 0        0        0     2        0        9905    
0000000000000000 15  70211      00000002 0        0        0     2        0        426611  
0000000000000000 15  69416      00000002 0        0        0     2        0        670093  
0000000000000000 15  357546     00000002 0        0        0     2        0        1872698 
0000000000000000 15  3491590711 00000002 0        0        0     2        0        13154   
0000000000000000 15  4096736342 00000002 0        0        0     2        0        1950443 
0000000000000000 15  70636      00000002 0        0        0     2        0        143318  
0000000000000000 15  357513     00000002 0        0        0     2        0        1854998 
0000000000000000 15  1075       00000002 0        0        0     2        0        12773   
0000000000000000 15  3370035155 00000002 0        0        0     2        0        28958   
0000000000000000 15  1767       00000002 0        0        0     2        0        12099   
0000000000000000 15  358208     00000002 0        0        0     2        0        1869742 
0000000000000000 15  3680072052 00000002 0        0        0     2        0        17891   
0000000000000000 15  4277975165 00000002 0        0        0     2        0        13153   
0000000000000000 15  2248443482 00000002 0        0        0     2        0        13152   
0000000000000000 15  357777     00000002 0        0        0     2        0        1878370 
0000000000000000 15  1103       00000002 0        0        0     2        0        12790   
0000000000000000 15  2957600243 00000002 0        0        0     2        0        101103  
0000000000000000 15  0          00000000 0        0        0     2        0        24      
0000000000000000 15  4016108385 00000002 0        0        0     2        0        1862124 
0000000000000000 15  69437      00000002 0        0        0     2        0        413575  
0000000000000000 15  2766586993 00000002 0        0        0     2        0        17893   
0000000000000000 15  112521     00000002 0        0        0     2        0        674270  
0000000000000000 15  1211       00000002 0        0        0     2        0        13627   
0000000000000000 15  4236251476 00000002 0        0        0     2        0        1879191 
0000000000000000 15  109834     00000002 0        0        0     2        0        666686  
0000000000000000 15  1313       00000002 0        0        0     2        0        2437    
0000000000000000 15  358759     00000002 0        0        0     2        0        1854365 
0000000000000000 15  3836779245 00000002 0        0        0     2        0        17892   
0000000000000000 15  3670224048 00000002 0        0        0     2        0        23705   
0000000000000000 15  368411     00000002 0        0        0     2        0        1946745 
0000000000000000 16  0          00000000 0        0        0     2        0        14      
0000000000000000 16  3096689722 00008000 0        0        0     2        0        12792   
0000000000000000 16  1103       00000000 0        0        0     2        0        12791   
0000000000000000 18  0          00000000 0        0        0     2        0        3076    
