Num       RefCount Protocol Flags    Type St Inode Path
0000000000000000: 00000003 00000000 00000000 0001 03 1877118
0000000000000000: 00000002 00000000 00010000 0001 01 673271 /run/systemd/resolve/io.systemd.Resolve.Monitor
0000000000000000: 00000003 00000000 00000000 0001 03 421731 /run/dbus/system_bus_socket
0000000000000000: 00000003 00000000 00000000 0001 03 143253
0000000000000000: 00000003 00000000 00000000 0001 03 23749
0000000000000000: 00000015 00000000 00000000 0002 03  9895 /run/systemd/journal/dev-log
0000000000000000: 00000003 00000000 00000000 0001 03 1947889
0000000000000000: 00000003 00000000 00000000 0001 03 1864494 /run/dbus/system_bus_socket
0000000000000000: 00000003 00000000 00000000 0001 03 27095 /run/dbus/system_bus_socket
0000000000000000: 0000000A 00000000 00000000 0002 03  9897 /run/systemd/journal/socket
0000000000000000: 00000003 00000000 00000000 0001 03 1876548
0000000000000000: 00000003 00000000 00000000 0001 03 417784
0000000000000000: 00000003 00000000 00000000 0001 03 22925
0000000000000000: 00000003 00000000 00000000 0001 03 16864
0000000000000000: 00000002 00000000 00010000 0001 01  9899 /run/systemd/journal/stdout
0000000000000000: 00000003 00000000 00000000 0001 03 1875933
0000000000000000: 00000003 00000000 00000000 0001 03 1862051 /run/user/1000/bus
0000000000000000: 00000003 00000000 00000000 0001 03 1872775 /run/user/1000/bus
0000000000000000: 00000003 00000000 00000000 0001 03 1872692 /run/user/1000/pipewire-0
0000000000000000: 00000002 00000000 00000000 0002 03 1854993
0000000000000000: 00000003 00000000 00000000 0001 03 673244
0000000000000000: 00000003 00000000 00000000 0001 03 667740 /run/systemd/journal/stdout
0000000000000000: 00000003 00000000 00000000 0001 03 207126
0000000000000000: 00000002 00000000 00010000 0001 01 662237 /run/user/125/systemd/private
0000000000000000: 00000002 00000000 00010000 0001 01 662219 /run/systemd/journal/io.systemd.journal
0000000000000000: 00000003 00000000 00000000 0001 03 207180 /run/gdm3/dbus/dbus-HFY6ivk6
0000000000000000: 00000003 00000000 00000000 0001 03 23744
0000000000000000: 00000002 00000000 00010000 0001 01  9901 /run/systemd/oom/io.systemd.ManagedOOM
0000000000000000: 00000003 00000000 00000000 0005 03 1952437
0000000000000000: 00000003 00000000 00000000 0001 03 1920873 /run/user/1000/bus
0000000000000000: 00000003 00000000 00000000 0001 03 1871186 /run/dbus/system_bus_socket
0000000000000000: 00000003 00000000 00000000 0001 03 1864412 /run/user/1000/bus
0000000000000000: 00000003 00000000 00000000 0001 03 1878276 /run/systemd/journal/stdout
0000000000000000: 00000002 00000000 00000000 0001 03 1074012 /run/gdm3/dbus/dbus-MlYch9Y1
0000000000000000: 00000003 00000000 00000000 0001 03 101195 /run/user/125/wayland-1
0000000000000000: 00000002 00000000 00010000 0005 01  9903 /run/udev/control
0000000000000000: 00000003 00000000 00000000 0001 03 1936556 /run/systemd/journal/stdout
0000000000000000: 00000003 00000000 00000000 0001 03 1913379
0000000000000000: 00000003 00000000 00000000 0001 03 1882391
0000000000000000: 00000003 00000000 00000000 0001 03 1878474
0000000000000000: 00000003 00000000 00000000 0001 03 1876576
0000000000000000: 00000003 00000000 00000000 0001 03 1868491
0000000000000000: 00000003 00000000 00000000 0001 03 1878292
0000000000000000: 00000003 00000000 00000000 0001 03 418650 /tmp/dbus-unUBeCRg2v
0000000000000000: 00000003 00000000 00000000 0001 03 1874552 /run/user/1000/at-spi/bus
0000000000000000: 00000003 00000000 00000000 0001 03 1873784
0000000000000000: 00000003 00000000 00000000 0001 03 1872666 /run/systemd/journal/stdout
0000000000000000: 00000003 00000000 00000000 0001 03 382963
0000000000000000: 00000003 00000000 00000000 0001 03 1936499
0000000000000000: 00000003 00000000 00000000 0001 03 1917131
0000000000000000: 00000003 00000000 00000000 0001 03 1881134 /run/user/1000/bus
0000000000000000: 00000003 00000000 00000000 0001 03 422661
0000000000000000: 00000003 00000000 00000000 0001 03 1923702
0000000000000000: 00000003 00000000 00000000 0001 03 101202 /run/user/125/wayland-1
0000000000000000: 00000003 00000000 00000000 0001 03 1882142 /run/systemd/journal/stdout
0000000000000000: 00000003 00000000 00000000 0001 03 1861269 /run/dbus/system_bus_socket
0000000000000000: 00000003 00000000 00000000 0001 03 1878314
0000000000000000: 00000003 00000000 00000000 0001 03 1808198 /run/systemd/journal/stdout
0000000000000000: 00000003 00000000 00000000 0001 03 651051 /run/dbus/system_bus_socket
0000000000000000: 00000003 00000000 00000000 0001 03 1854330 /run/systemd/journal/stdout
0000000000000000: 00000003 00000000 00000000 0001 03 1871260 /run/systemd/journal/stdout
0000000000000000: 00000003 00000000 00000000 0001 03 1877148 /run/user/1000/bus
0000000000000000: 00000003 00000000 00000000 0001 03 1878367 /run/systemd/journal/stdout
0000000000000000: 00000003 00000000 00000000 0001 03 424686
0000000000000000: 00000003 00000000 00000000 0001 03  3935 /run/dbus/system_bus_socket
0000000000000000: 00000003 00000000 00000000 0001 03 1877198
0000000000000000: 00000003 00000000 00000000 0001 03 143255
0000000000000000: 00000003 00000000 00000000 0001 03 413571
0000000000000000: 00000003 00000000 00000000 0001 03 1947840
0000000000000000: 00000003 00000000 00000000 0001 03 1917069 /run/systemd/journal/stdout
0000000000000000: 00000003 00000000 00000000 0001 03 419600
0000000000000000: 00000003 00000000 00000000 0001 03 422650 /run/systemd/journal/stdout
0000000000000000: 00000003 00000000 00000000 0001 03 430097 /run/systemd/journal/stdout
0000000000000000: 00000003 00000000 00000000 0001 03 421616
0000000000000000: 00000003 00000000 00000000 0001 03 1882225 /run/user/1000/bus
0000000000000000: 00000003 00000000 00000000 0001 03 1868530
0000000000000000: 00000003 00000000 00000000 0001 03 1875871
0000000000000000: 00000003 00000000 00000000 0001 03 1876528 /run/user/1000/bus
0000000000000000: 00000003 00000000 00000000 0001 03 1870737
0000000000000000: 00000003 00000000 00000000 0001 03 429128
0000000000000000: 00000003 00000000 00000000 0001 03 428236 /tmp/dbus-unUBeCRg2v
0000000000000000: 00000003 00000000 00000000 0001 03 422638 /run/systemd/journal/stdout
0000000000000000: 00000003 00000000 00000000 0001 03 426448 /run/user/125/bus
0000000000000000: 00000003 00000000 00000000 0001 03 1862088 /run/systemd/journal/stdout
0000000000000000: 00000003 00000000 00000000 0001 03 1882186 /run/user/1000/bus
0000000000000000: 00000003 00000000 00000000 0001 03 1876591 /run/user/1000/bus
0000000000000000: 00000003 00000000 00000000 0001 03 1864488 /run/user/1000/at-spi/bus
0000000000000000: 00000002 00000000 00010000 0001 01 1855039 /tmp/.ICE-unix/357733
0000000000000000: 00000003 00000000 00000000 0001 03 700657 /run/systemd/journal/stdout
0000000000000000: 00000003 00000000 00000000 0001 03 1917129
0000000000000000: 00000003 00000000 00000000 0001 03 1934258
0000000000000000: 00000003 00000000 00000000 0001 03 427106 /tmp/dbus-unUBeCRg2v
0000000000000000: 00000003 00000000 00000000 0001 03 1876637
0000000000000000: 00000003 00000000 00000000 0001 03 1874394 /run/user/1000/bus
0000000000000000: 00000003 00000000 00000000 0001 03 1868542
0000000000000000: 00000003 00000000 00000000 0001 03 1872684 /run/dbus/system_bus_socket
0000000000000000: 00000003 00000000 00000000 0001 03 1878278
0000000000000000: 00000003 00000000 00000000 0001 03 1146365 /run/dbus/system_bus_socket
0000000000000000: 00000003 00000000 00000000 0001 03 648932 /run/dbus/system_bus_socket
0000000000000000: 00000003 00000000 00000000 0001 03 1937756 /run/dbus/system_bus_socket
0000000000000000: 00000002 00000000 00000000 0002 01 1877188
0000000000000000: 00000003 00000000 00000000 0001 03 1872778 /run/user/1000/bus
0000000000000000: 00000003 00000000 00000000 0001 03 1875797
0000000000000000: 00000003 00000000 00000000 0001 03 1143768 /run/systemd/journal/stdout
0000000000000000: 00000003 00000000 00000000 0001 03 207226 /tmp/dbus-unUBeCRg2v
0000000000000000: 00000002 00000000 00000000 0002 03 19629
0000000000000000: 00000003 00000000 00000000 0001 03 1871185
0000000000000000: 00000003 00000000 00000000 0001 03 428249
0000000000000000: 00000003 00000000 00000000 0001 03 414397 /run/systemd/journal/stdout
0000000000000000: 00000003 00000000 00000000 0001 03 428155 /tmp/dbus-unUBeCRg2v
0000000000000000: 00000003 00000000 00000000 0001 03 17903 /run/systemd/journal/stdout
0000000000000000: 00000003 00000000 00000000 0001 03 1876622
0000000000000000: 00000003 00000000 00000000 0001 03 1878403
0000000000000000: 00000003 00000000 00000000 0001 03 1861239 /run/systemd/journal/stdout
0000000000000000: 00000003 00000000 00000000 0001 03 1907053
0000000000000000: 00000003 00000000 00000000 0001 03 1868602 /run/user/1000/bus
0000000000000000: 00000003 00000000 00000000 0001 03 1854331 /run/user/1000/bus
0000000000000000: 00000002 00000000 00000000 0002 01 1877191
0000000000000000: 00000003 00000000 00000000 0001 03 1875928
0000000000000000: 00000003 00000000 00000000 0001 03 1872757 /run/systemd/journal/stdout
0000000000000000: 00000003 00000000 00000000 0001 03 1917132
0000000000000000: 00000003 00000000 00000000 0001 03 143323 /tmp/dbus-unUBeCRg2v
0000000000000000: 00000003 00000000 00000000 0001 03 422649
0000000000000000: 00000003 00000000 00000000 0001 03 406427
0000000000000000: 00000003 00000000 00000000 0001 03 428238
0000000000000000: 00000003 00000000 00000000 0001 03 424614 /run/systemd/journal/stdout
0000000000000000: 00000003 00000000 00000000 0001 03 419599
0000000000000000: 00000002 00000000 00010000 0001 01 382920 /tmp/.X11-unix/X1026
0000000000000000: 00000003 00000000 00000000 0001 03 1939504
0000000000000000: 00000003 00000000 00000000 0001 03 1882383
0000000000000000: 00000003 00000000 00000000 0001 03 1878386
0000000000000000: 00000002 00000000 00010000 0001 01 1872752 /tmp/.X11-unix/X0
0000000000000000: 00000002 00000000 00000000 0001 03 429069
0000000000000000: 00000003 00000000 00000000 0001 03 1880202 /run/user/1000/bus
0000000000000000: 00000003 00000000 00000000 0001 03 1882222 /run/dbus/system_bus_socket
0000000000000000: 00000003 00000000 00000000 0001 03 1878409 /home/rajatsharma/.cache/ibus/dbus-lF928ihm
0000000000000000: 00000003 00000000 00000000 0001 03 1875916
0000000000000000: 00000003 00000000 00000000 0001 03 1869677 /run/systemd/journal/stdout
0000000000000000: 00000003 00000000 00000000 0001 03 1834867
0000000000000000: 00000003 00000000 00000000 0001 03 1877190
0000000000000000: 00000003 00000000 00000000 0001 03 1856264
0000000000000000: 00000002 00000000 00010000 0001 01 1872754 /tmp/.X11-unix/X1
0000000000000000: 00000002 00000000 00010000 0001 01 658859 /run/snapd.socket
0000000000000000: 00000003 00000000 00000000 0001 03 143321
0000000000000000: 00000003 00000000 00000000 0001 03 406371
0000000000000000: 00000002 00000000 00000000 0002 01 1878510
0000000000000000: 00000002 00000000 00000000 0002 01 1881103
0000000000000000: 00000002 00000000 00010000 0001 01 674210 /run/snapd-snap.socket
0000000000000000: 00000003 00000000 00000000 0001 03 414585 /tmp/dbus-unUBeCRg2v
0000000000000000: 00000003 00000000 00000000 0001 03 1928932
0000000000000000: 00000003 00000000 00000000 0001 03 1868598
0000000000000000: 00000003 00000000 00000000 0001 03 1878565
0000000000000000: 00000003 00000000 00000000 0001 03 1878394 /run/systemd/journal/stdout
0000000000000000: 00000003 00000000 00000000 0001 03 1874278 /run/user/1000/bus
0000000000000000: 00000003 00000000 00000000 0001 03 266614 /run/systemd/journal/stdout
0000000000000000: 00000003 00000000 00000000 0005 03 1879390
0000000000000000: 00000003 00000000 00000000 0001 03 1875936
0000000000000000: 00000003 00000000 00000000 0001 03 1856251 /run/user/1000/bus
0000000000000000: 00000003 00000000 00000000 0001 03 382967
0000000000000000: 00000003 00000000 00000000 0001 03 426450 /run/user/125/bus
0000000000000000: 00000003 00000000 00000000 0001 03 1877185
0000000000000000: 00000003 00000000 00000000 0001 03 1856263
0000000000000000: 00000002 00000000 00000000 0002 03 673258
0000000000000000: 00000003 00000000 00000000 0001 03 143313
0000000000000000: 00000003 00000000 00000000 0001 03 26520
0000000000000000: 00000003 00000000 00000000 0001 03 1947922
0000000000000000: 00000003 00000000 00000000 0001 03 1923699
0000000000000000: 00000003 00000000 00000000 0001 03 1871270
0000000000000000: 00000003 00000000 00000000 0001 03 427189
0000000000000000: 00000003 00000000 00000000 0001 03 1913819
0000000000000000: 00000003 00000000 00000000 0001 03 1876638 /run/user/1000/bus
0000000000000000: 00000003 00000000 00000000 0001 03 1870848
0000000000000000: 00000003 00000000 00000000 0001 03 414358 /run/systemd/journal/stdout
0000000000000000: 00000003 00000000 00000000 0001 03 1872856 /run/snapd-snap.socket
0000000000000000: 00000003 00000000 00000000 0001 03 1878429 /run/user/1000/bus
0000000000000000: 00000003 00000000 00000000 0001 03 692529 /run/dbus/system_bus_socket
0000000000000000: 00000003 00000000 00000000 0001 03 207233 /run/dbus/system_bus_socket
0000000000000000: 00000003 00000000 00000000 0001 03 424693
0000000000000000: 00000003 00000000 00000000 0001 03 1917128
0000000000000000: 00000003 00000000 00000000 0001 03 1914125
0000000000000000: 00000003 00000000 00000000 0001 03 143254
0000000000000000: 00000003 00000000 00000000 0001 03 1872686 /run/dbus/system_bus_socket
0000000000000000: 00000003 00000000 00000000 0001 03 1872681 /run/systemd/journal/stdout
0000000000000000: 00000003 00000000 00000000 0001 03 430094 /run/systemd/journal/stdout
0000000000000000: 00000003 00000000 00000000 0001 03 415623
0000000000000000: 00000003 00000000 00000000 0001 03 11953 /run/dbus/system_bus_socket
0000000000000000: 00000003 00000000 00000000 0001 03 1882384
0000000000000000: 00000003 00000000 00000000 0001 03 1878475
0000000000000000: 00000003 00000000 00000000 0001 03 1876573
0000000000000000: 00000003 00000000 00000000 0001 03 1837672
0000000000000000: 00000003 00000000 00000000 0001 03 1868510
0000000000000000: 00000003 00000000 00000000 0001 03 1870784
0000000000000000: 00000003 00000000 00000000 0001 03 429127
0000000000000000: 00000003 00000000 00000000 0001 03 422446
0000000000000000: 00000003 00000000 00000000 0001 03 1927305
0000000000000000: 00000003 00000000 00000000 0001 03 1882229
0000000000000000: 00000003 00000000 00000000 0001 03 1874326 /run/user/1000/bus
0000000000000000: 00000003 00000000 00000000 0001 03 1873685 /run/systemd/journal/stdout
0000000000000000: 00000003 00000000 00000000 0001 03 1875792
0000000000000000: 00000003 00000000 00000000 0001 03 19625 /run/systemd/journal/stdout
0000000000000000: 00000002 00000000 00010000 0001 01 14588 /run/avahi-daemon/socket
0000000000000000: 00000003 00000000 00000000 0001 03 1940494 /run/user/1000/pulse/native
0000000000000000: 00000003 00000000 00000000 0001 03 428154
0000000000000000: 00000003 00000000 00000000 0001 03 406314
0000000000000000: 00000003 00000000 00000000 0001 03 421488 /run/systemd/journal/stdout
0000000000000000: 00000003 00000000 00000000 0001 03 19630
0000000000000000: 00000003 00000000 00000000 0001 03 1878470 /run/dbus/system_bus_socket
0000000000000000: 00000003 00000000 00000000 0001 03 1878558
0000000000000000: 00000002 00000000 00000000 0002 01 1871272
0000000000000000: 00000003 00000000 00000000 0001 03 1876577
0000000000000000: 00000003 00000000 00000000 0001 03 424680
0000000000000000: 00000003 00000000 00000000 0001 03 10850 /run/systemd/journal/stdout
0000000000000000: 00000002 00000000 00010000 0001 01 14591 /run/dbus/system_bus_socket
0000000000000000: 00000003 00000000 00000000 0001 03 1879394
0000000000000000: 00000003 00000000 00000000 0005 03 1879391
0000000000000000: 00000003 00000000 00000000 0001 03 1869667 /run/dbus/system_bus_socket
0000000000000000: 00000003 00000000 00000000 0001 03 1875830
0000000000000000: 00000003 00000000 00000000 0001 03 1873638
0000000000000000: 00000003 00000000 00000000 0001 03 1877243
0000000000000000: 00000003 00000000 00000000 0001 03 406374
0000000000000000: 00000003 00000000 00000000 0001 03 1947920
0000000000000000: 00000003 00000000 00000000 0005 03 1952434
0000000000000000: 00000003 00000000 00000000 0001 03 427153
0000000000000000: 00000002 00000000 00010000 0001 01 382922 /tmp/.X11-unix/X1027
0000000000000000: 00000002 00000000 00000000 0001 03 22981 /run/gdm3/dbus/dbus-cJBb93Sx
0000000000000000: 00000003 00000000 00000000 0001 03 16974 /run/systemd/journal/stdout
0000000000000000: 00000003 00000000 00000000 0001 03 1928931
0000000000000000: 00000003 00000000 00000000 0001 03 1878481
0000000000000000: 00000003 00000000 00000000 0001 03 431124
0000000000000000: 00000003 00000000 00000000 0001 03 1837752 @/tmp/.X11-unix/X1
0000000000000000: 00000003 00000000 00000000 0001 03 1873800
0000000000000000: 00000003 00000000 00000000 0001 03 1875803
0000000000000000: 00000003 00000000 00000000 0001 03 1872669 /run/dbus/system_bus_socket
0000000000000000: 00000003 00000000 00000000 0001 03 406418 @/tmp/.ICE-unix/70185
0000000000000000: 00000003 00000000 00000000 0001 03 421495 /run/user/125/bus
0000000000000000: 00000003 00000000 00000000 0001 03  5564
0000000000000000: 00000003 00000000 00000000 0001 03 1917133
0000000000000000: 00000003 00000000 00000000 0001 03 430151 /var/lib/gdm3/.cache/ibus/dbus-u6LWMg0q
0000000000000000: 00000003 00000000 00000000 0001 03 418523 /run/dbus/system_bus_socket
0000000000000000: 00000003 00000000 00000000 0001 03  4721
0000000000000000: 00000003 00000000 00000000 0001 03 421738 /run/dbus/system_bus_socket
0000000000000000: 00000003 00000000 00000000 0001 03 36757 /run/user/125/at-spi/bus
0000000000000000: 00000002 00000000 00000000 0002 01 1923392
0000000000000000: 00000003 00000000 00000000 0001 03 1868597
0000000000000000: 00000003 00000000 00000000 0001 03 1876639
0000000000000000: 00000003 00000000 00000000 0001 03 1837696 /run/user/1000/bus
0000000000000000: 00000003 00000000 00000000 0001 03 1874286 /run/user/1000/bus
0000000000000000: 00000003 00000000 00000000 0001 03 406228 /run/user/125/pipewire-0
0000000000000000: 00000003 00000000 00000000 0001 03 1873795
0000000000000000: 00000002 00000000 00000000 0002 01 1877142
0000000000000000: 00000003 00000000 00000000 0001 03 1837675 /run/user/1000/bus
0000000000000000: 00000002 00000000 00000000 0001 03 516435 /run/gdm3/dbus/dbus-QlBB9PUA
0000000000000000: 00000003 00000000 00000000 0001 03 432133
0000000000000000: 00000003 00000000 00000000 0001 03 1881224 @/tmp/.X11-unix/X1
0000000000000000: 00000003 00000000 00000000 0001 03 1856288
0000000000000000: 00000003 00000000 00000000 0001 03 1877104
0000000000000000: 00000003 00000000 00000000 0001 03 428237
0000000000000000: 00000003 00000000 00000000 0001 03 143252
0000000000000000: 00000003 00000000 00000000 0001 03 1920874
0000000000000000: 00000003 00000000 00000000 0001 03 428164 /tmp/dbus-unUBeCRg2v
0000000000000000: 00000003 00000000 00000000 0001 03 406231 /run/user/125/pipewire-0
0000000000000000: 00000003 00000000 00000000 0001 03 1870756
0000000000000000: 00000003 00000000 00000000 0001 03 1874268 /run/systemd/journal/stdout
0000000000000000: 00000003 00000000 00000000 0001 03 705943
0000000000000000: 00000003 00000000 00000000 0001 03 421721
0000000000000000: 00000003 00000000 00000000 0001 03 429068
0000000000000000: 00000003 00000000 00000000 0001 03 1879393
0000000000000000: 00000003 00000000 00000000 0001 03 1875798
0000000000000000: 00000003 00000000 00000000 0001 03 1153127
0000000000000000: 00000003 00000000 00000000 0001 03 698981 /run/systemd/io.systemd.ManagedOOM
0000000000000000: 00000003 00000000 00000000 0001 03 1914124
0000000000000000: 00000003 00000000 00000000 0001 03 1877244
0000000000000000: 00000003 00000000 00000000 0001 03 1856265
0000000000000000: 00000003 00000000 00000000 0001 03 428250
0000000000000000: 00000003 00000000 00000000 0001 03 1934267
0000000000000000: 00000003 00000000 00000000 0001 03 207223 /tmp/dbus-unUBeCRg2v
0000000000000000: 00000003 00000000 00000000 0001 03 406234 /run/dbus/system_bus_socket
0000000000000000: 00000003 00000000 00000000 0001 03 1878469
0000000000000000: 00000003 00000000 00000000 0001 03 1878329
0000000000000000: 00000003 00000000 00000000 0001 03 1872697 /run/dbus/system_bus_socket
0000000000000000: 00000003 00000000 00000000 0001 03 654879
0000000000000000: 00000003 00000000 00000000 0001 03 427190 /run/user/125/at-spi/bus
0000000000000000: 00000003 00000000 00000000 0001 03 429132
0000000000000000: 00000003 00000000 00000000 0001 03 1875905
0000000000000000: 00000003 00000000 00000000 0001 03 1870809 /run/systemd/journal/stdout
0000000000000000: 00000002 00000000 00000000 0002 01 1869554 /run/user/1000/systemd/notify
0000000000000000: 00000003 00000000 00000000 0001 03 423901 /tmp/dbus-unUBeCRg2v
0000000000000000: 00000002 00000000 00000000 0002 01 417701 /run/user/125/systemd/notify
0000000000000000: 00000002 00000000 00010000 0001 01 1869557 /run/user/1000/systemd/private
0000000000000000: 00000003 00000000 00000000 0001 03 1854333 /run/dbus/system_bus_socket
0000000000000000: 00000003 00000000 00000000 0001 03 1861306 /run/user/1000/pulse/native
0000000000000000: 00000003 00000000 00000000 0001 03 1873697 /run/systemd/journal/stdout
0000000000000000: 00000002 00000000 00010000 0001 01 1869564 /run/user/1000/bus
0000000000000000: 00000003 00000000 00000000 0001 03 427154
0000000000000000: 00000003 00000000 00000000 0001 03 430091 /run/systemd/journal/stdout
0000000000000000: 00000003 00000000 00000000 0001 03 421513
0000000000000000: 00000002 00000000 00010000 0001 01 417711 /run/user/125/bus
0000000000000000: 00000003 00000000 00000000 0001 03 22842 /run/dbus/system_bus_socket
0000000000000000: 00000003 00000000 00000000 0002 03 21240
0000000000000000: 00000003 00000000 00000000 0001 03 1868509
0000000000000000: 00000003 00000000 00000000 0001 03 1878346
0000000000000000: 00000003 00000000 00000000 0001 03 1874282 /run/systemd/journal/stdout
0000000000000000: 00000003 00000000 00000000 0001 03 674190 /run/systemd/journal/stdout
0000000000000000: 00000003 00000000 00000000 0001 03 16893
0000000000000000: 00000003 00000000 00000000 0001 03 1937802
0000000000000000: 00000003 00000000 00000000 0001 03 1871261 /run/systemd/journal/stdout
0000000000000000: 00000003 00000000 00000000 0001 03 1870818 /run/user/1000/bus
0000000000000000: 00000003 00000000 00000000 0001 03 1873719
0000000000000000: 00000003 00000000 00000000 0001 03 424709
0000000000000000: 00000003 00000000 00000000 0001 03 422639 /run/systemd/journal/stdout
0000000000000000: 00000002 00000000 00000000 0002 01 413573
0000000000000000: 00000003 00000000 00000000 0001 03 1879285
0000000000000000: 00000003 00000000 00000000 0001 03 1877137
0000000000000000: 00000002 00000000 00010000 0001 01 1869566 /run/user/1000/gnupg/S.dirmngr
0000000000000000: 00000003 00000000 00000000 0001 03 428255
0000000000000000: 00000003 00000000 00000000 0001 03 406316
0000000000000000: 00000002 00000000 00010000 0001 01 417713 /run/user/125/gnupg/S.dirmngr
0000000000000000: 00000003 00000000 00000000 0002 03 417703
0000000000000000: 00000003 00000000 00000000 0001 03 1934257
0000000000000000: 00000003 00000000 00000000 0005 03 1952433
0000000000000000: 00000002 00000000 00000000 0002 01 1878369
0000000000000000: 00000003 00000000 00000000 0001 03 428251 /tmp/dbus-unUBeCRg2v
0000000000000000: 00000003 00000000 00000000 0001 03 421708
0000000000000000: 00000003 00000000 00000000 0001 03 1882386
0000000000000000: 00000003 00000000 00000000 0001 03 1881216
0000000000000000: 00000003 00000000 00000000 0001 03 1879226
0000000000000000: 00000003 00000000 00000000 0001 03 1879204 /run/systemd/journal/stdout
0000000000000000: 00000002 00000000 00010000 0001 01 1869568 /run/user/1000/gcr/ssh
0000000000000000: 00000002 00000000 00000000 0001 03 1845357
0000000000000000: 00000003 00000000 00000000 0001 03 421730 /tmp/dbus-unUBeCRg2v
0000000000000000: 00000002 00000000 00010000 0001 01 417715 /run/user/125/gcr/ssh
0000000000000000: 00000003 00000000 00000000 0001 03  2433 /run/systemd/journal/stdout
0000000000000000: 00000003 00000000 00000000 0001 03 1879342
0000000000000000: 00000003 00000000 00000000 0001 03 1878368 /run/user/1000/bus
0000000000000000: 00000003 00000000 00000000 0001 03 1908660 /run/user/1000/at-spi/bus
0000000000000000: 00000003 00000000 00000000 0001 03 1936503
0000000000000000: 00000003 00000000 00000000 0001 03 1875832
0000000000000000: 00000002 00000000 00010000 0001 01 1869570 /run/user/1000/keyring/control
0000000000000000: 00000002 00000000 00000000 0002 03 668953
0000000000000000: 00000003 00000000 00000000 0001 03 431128 /tmp/dbus-unUBeCRg2v
0000000000000000: 00000002 00000000 00010000 0001 01 417717 /run/user/125/keyring/control
0000000000000000: 00000002 00000000 00010000 0001 01 1869572 /run/user/1000/gnupg/S.gpg-agent.browser
0000000000000000: 00000003 00000000 00000000 0001 03 414588 /tmp/dbus-unUBeCRg2v
0000000000000000: 00000002 00000000 00010000 0001 01 417719 /run/user/125/gnupg/S.gpg-agent.browser
0000000000000000: 00000003 00000000 00000000 0001 03 19171 /run/dbus/system_bus_socket
0000000000000000: 00000003 00000000 00000000 0001 03 1878421
0000000000000000: 00000003 00000000 00000000 0001 03 1861259 /run/user/1000/bus
0000000000000000: 00000002 00000000 00010000 0001 01 1869574 /run/user/1000/gnupg/S.gpg-agent.extra
0000000000000000: 00000003 00000000 00000000 0001 03 406213 /run/systemd/journal/stdout
0000000000000000: 00000002 00000000 00010000 0001 01 417721 /run/user/125/gnupg/S.gpg-agent.extra
0000000000000000: 00000003 00000000 00000000 0001 03 16869
0000000000000000: 00000003 00000000 00000000 0001 03 1913380 /run/user/1000/bus
0000000000000000: 00000003 00000000 00000000 0001 03 1864491 /run/user/1000/at-spi/bus
0000000000000000: 00000003 00000000 00000000 0001 03 1872815 /run/user/1000/wayland-0
0000000000000000: 00000003 00000000 00000000 0001 03 1873693 /run/systemd/journal/stdout
0000000000000000: 00000003 00000000 00000000 0001 03 1875828
0000000000000000: 00000003 00000000 00000000 0001 03 1867744 /run/systemd/journal/stdout
0000000000000000: 00000002 00000000 00010000 0001 01 1101173 /run/gdm3/dbus/dbus-rPO92JEu
0000000000000000: 00000003 00000000 00000000 0001 03 423691 /run/user/125/bus
0000000000000000: 00000002 00000000 00000000 0002 03 19675
0000000000000000: 00000003 00000000 00000000 0001 03 1877138
0000000000000000: 00000003 00000000 00000000 0001 03 1879272
0000000000000000: 00000002 00000000 00010000 0001 01 1869576 /run/user/1000/gnupg/S.gpg-agent
0000000000000000: 00000002 00000000 00010000 0001 01 1101174 /run/gdm3/dbus/dbus-MlYch9Y1
0000000000000000: 00000002 00000000 00010000 0001 01 417723 /run/user/125/gnupg/S.gpg-agent
0000000000000000: 00000003 00000000 00000000 0001 03 1855101 /run/user/1000/bus
0000000000000000: 00000002 00000000 00010000 0001 01 1869578 /run/user/1000/gnupg/S.keyboxd
0000000000000000: 00000002 00000000 00010000 0001 01 417725 /run/user/125/gnupg/S.keyboxd
0000000000000000: 00000003 00000000 00000000 0001 03 1837719
0000000000000000: 00000003 00000000 00000000 0001 03 1868517
0000000000000000: 00000003 00000000 00000000 0001 03 1876549
0000000000000000: 00000002 00000000 00000000 0002 01 419602
0000000000000000: 00000003 00000000 00000000 0001 03 22905
0000000000000000: 00000003 00000000 00000000 0001 03 16870
0000000000000000: 00000003 00000000 00000000 0001 03 1907054
0000000000000000: 00000003 00000000 00000000 0001 03 1862079 /run/systemd/journal/stdout
0000000000000000: 00000003 00000000 00000000 0001 03 1878423 /run/systemd/journal/stdout
0000000000000000: 00000002 00000000 00010000 0001 01 1869580 /run/user/1000/pulse/native
0000000000000000: 00000003 00000000 00000000 0001 03 424694
0000000000000000: 00000003 00000000 00000000 0001 03 382961
0000000000000000: 00000003 00000000 00000000 0001 03 207112
0000000000000000: 00000002 00000000 00010000 0001 01 417727 /run/user/125/pulse/native
0000000000000000: 00000002 00000000 00010000 0001 01 1869582 /run/user/1000/pipewire-0
0000000000000000: 00000002 00000000 00010000 0001 01 417729 /run/user/125/pipewire-0
0000000000000000: 00000003 00000000 00000000 0001 03 1947919
0000000000000000: 00000003 00000000 00000000 0001 03 1871213
0000000000000000: 00000003 00000000 00000000 0001 03 1877182 /run/systemd/journal/stdout
0000000000000000: 00000003 00000000 00000000 0001 03 1878393 /run/systemd/journal/stdout
0000000000000000: 00000002 00000000 00010000 0001 01 1869584 /run/user/1000/pipewire-0-manager
0000000000000000: 00000002 00000000 00000000 0002 03 680851
0000000000000000: 00000003 00000000 00000000 0001 03 428166 /tmp/dbus-unUBeCRg2v
0000000000000000: 00000002 00000000 00010000 0001 01 417731 /run/user/125/pipewire-0-manager
0000000000000000: 00000003 00000000 00000000 0001 03 1868608
0000000000000000: 00000003 00000000 00000000 0001 03 1881214
0000000000000000: 00000003 00000000 00000000 0001 03 1837706
0000000000000000: 00000002 00000000 00010000 0001 01 1869586 /run/user/1000/pk-debconf-socket
0000000000000000: 00000003 00000000 00000000 0001 03 1844654 /run/dbus/system_bus_socket
0000000000000000: 00000003 00000000 00000000 0001 03 1150058
0000000000000000: 00000002 00000000 00010000 0001 01 418641 /tmp/dbus-unUBeCRg2v
0000000000000000: 00000003 00000000 00000000 0001 03 422437
0000000000000000: 00000002 00000000 00010000 0001 01 417733 /run/user/125/pk-debconf-socket
0000000000000000: 00000003 00000000 00000000 0005 03 1927299
0000000000000000: 00000003 00000000 00000000 0001 03 1879303
0000000000000000: 00000003 00000000 00000000 0001 03 1875940
0000000000000000: 00000002 00000000 00000000 0002 03 1877117
0000000000000000: 00000002 00000000 00010000 0001 01 1869588 /run/user/1000/snapd-session-agent.socket
0000000000000000: 00000002 00000000 00010000 0001 01 406346 /tmp/.ICE-unix/70185
0000000000000000: 00000002 00000000 00010000 0001 01 417735 /run/user/125/snapd-session-agent.socket
0000000000000000: 00000003 00000000 00000000 0001 03 12812 /run/dbus/system_bus_socket
0000000000000000: 00000003 00000000 00000000 0001 03 1936872
0000000000000000: 00000003 00000000 00000000 0001 03 1936502
0000000000000000: 00000003 00000000 00000000 0001 03 1877608
0000000000000000: 00000003 00000000 00000000 0001 03 422646
0000000000000000: 00000003 00000000 00000000 0001 03 1934266
0000000000000000: 00000002 00000000 00010000 0001 01 1869590 /run/user/1000/speech-dispatcher/speechd.sock
0000000000000000: 00000003 00000000 00000000 0001 03 419598
0000000000000000: 00000003 00000000 00000000 0001 03 414583 /run/user/125/at-spi/bus
0000000000000000: 00000002 00000000 00010000 0001 01 417737 /run/user/125/speech-dispatcher/speechd.sock
0000000000000000: 00000002 00000000 00000000 0002 03 16831
0000000000000000: 00000002 00000000 00000000 0002 01 1894937
0000000000000000: 00000003 00000000 00000000 0001 03 1876596
0000000000000000: 00000003 00000000 00000000 0001 03 1868547
0000000000000000: 00000003 00000000 00000000 0001 03 1837718
0000000000000000: 00000003 00000000 00000000 0001 03 1874281 /run/systemd/journal/stdout
0000000000000000: 00000003 00000000 00000000 0001 03 1877133 /run/user/1000/bus
0000000000000000: 00000002 00000000 00010000 0001 01 1869601 /run/user/1000/gnupg/S.gpg-agent.ssh
0000000000000000: 00000003 00000000 00000000 0001 03 406443 /run/user/125/pipewire-0
0000000000000000: 00000002 00000000 00010000 0001 01 417745 /run/user/125/gnupg/S.gpg-agent.ssh
0000000000000000: 00000003 00000000 00000000 0001 03 1918436
0000000000000000: 00000003 00000000 00000000 0001 03 1856253 /run/user/1000/bus
0000000000000000: 00000003 00000000 00000000 0001 03 1875929
0000000000000000: 00000003 00000000 00000000 0001 03 1868456 /run/systemd/journal/stdout
0000000000000000: 00000003 00000000 00000000 0001 03 143322
0000000000000000: 00000003 00000000 00000000 0001 03 406375
0000000000000000: 00000003 00000000 00000000 0002 03 417702
0000000000000000: 00000003 00000000 00000000 0001 03 19815
0000000000000000: 00000003 00000000 00000000 0001 03 1947921
0000000000000000: 00000003 00000000 00000000 0001 03 1861257 /run/user/1000/bus
0000000000000000: 00000003 00000000 00000000 0001 03 414586 /run/user/125/at-spi/bus
0000000000000000: 00000003 00000000 00000000 0001 03 406232 /run/user/125/pipewire-0
0000000000000000: 00000003 00000000 00000000 0001 03 1928933
0000000000000000: 00000003 00000000 00000000 0001 03 1882390
0000000000000000: 00000003 00000000 00000000 0001 03 1856301
0000000000000000: 00000003 00000000 00000000 0001 03 1874373 /run/user/1000/pulse/native
0000000000000000: 00000003 00000000 00000000 0001 03 1878427
0000000000000000: 00000003 00000000 00000000 0001 03 1870819 /run/systemd/journal/stdout
0000000000000000: 00000003 00000000 00000000 0001 03 1950899
0000000000000000: 00000003 00000000 00000000 0001 03 1880210 /run/dbus/system_bus_socket
0000000000000000: 00000003 00000000 00000000 0001 03 1855102 /run/user/1000/bus
0000000000000000: 00000003 00000000 00000000 0001 03 1855100 /run/user/1000/bus
0000000000000000: 00000003 00000000 00000000 0001 03  3493
0000000000000000: 00000003 00000000 00000000 0001 03 413574
0000000000000000: 00000003 00000000 00000000 0001 03 1856277 /run/dbus/system_bus_socket
0000000000000000: 00000003 00000000 00000000 0001 03 382965 /run/user/125/pulse/native
0000000000000000: 00000003 00000000 00000000 0001 03 423909 /run/systemd/journal/stdout
0000000000000000: 00000003 00000000 00000000 0001 03 421514
0000000000000000: 00000003 00000000 00000000 0001 03 406211 /run/systemd/journal/stdout
0000000000000000: 00000003 00000000 00000000 0001 03 1943545
0000000000000000: 00000003 00000000 00000000 0001 03 1878498
0000000000000000: 00000003 00000000 00000000 0001 03 1869721 /run/user/1000/bus
0000000000000000: 00000003 00000000 00000000 0001 03 1878290
0000000000000000: 00000003 00000000 00000000 0001 03 1854289 /run/dbus/system_bus_socket
0000000000000000: 00000003 00000000 00000000 0001 03 1864416 /run/systemd/journal/stdout
0000000000000000: 00000003 00000000 00000000 0001 03 1869676 /run/systemd/journal/stdout
0000000000000000: 00000003 00000000 00000000 0001 03 1873747
0000000000000000: 00000003 00000000 00000000 0001 03 207127
0000000000000000: 00000003 00000000 00000000 0001 03 1856291
0000000000000000: 00000003 00000000 00000000 0001 03 428156
0000000000000000: 00000003 00000000 00000000 0001 03 413572
0000000000000000: 00000003 00000000 00000000 0001 03 1874390 /run/systemd/journal/stdout
0000000000000000: 00000003 00000000 00000000 0001 03 207220 /tmp/dbus-unUBeCRg2v
0000000000000000: 00000003 00000000 00000000 0001 03 207177 /run/systemd/journal/stdout
0000000000000000: 00000003 00000000 00000000 0001 03 1878344
0000000000000000: 00000002 00000000 00010000 0001 01 1854229 /run/user/1000/keyring/pkcs11
0000000000000000: 00000002 00000000 00000000 0001 03 1845356
0000000000000000: 00000003 00000000 00000000 0001 03 406435 /run/user/125/pipewire-0
0000000000000000: 00000003 00000000 00000000 0001 03 36765 /tmp/dbus-unUBeCRg2v
0000000000000000: 00000003 00000000 00000000 0001 03 1854334 /run/dbus/system_bus_socket
0000000000000000: 00000003 00000000 00000000 0001 03 1879307
0000000000000000: 00000003 00000000 00000000 0001 03 1873657
0000000000000000: 00000003 00000000 00000000 0001 03 1834856
0000000000000000: 00000003 00000000 00000000 0001 03 426599
0000000000000000: 00000003 00000000 00000000 0001 03 414587 /run/user/125/at-spi/bus
0000000000000000: 00000003 00000000 00000000 0001 03 414584 /run/user/125/at-spi/bus
0000000000000000: 00000003 00000000 00000000 0001 03 406315
0000000000000000: 00000002 00000000 00000000 0002 03 207125
0000000000000000: 00000003 00000000 00000000 0001 03 1947888
0000000000000000: 00000003 00000000 00000000 0001 03 1917070 /run/systemd/journal/stdout
0000000000000000: 00000003 00000000 00000000 0001 03 1877235 @/tmp/.X11-unix/X1
0000000000000000: 00000003 00000000 00000000 0001 03 1864489 /run/user/1000/at-spi/bus
0000000000000000: 00000003 00000000 00000000 0001 03 431130 /tmp/dbus-unUBeCRg2v
0000000000000000: 00000003 00000000 00000000 0001 03 422657 /run/dbus/system_bus_socket
0000000000000000: 00000003 00000000 00000000 0001 03 1898043
0000000000000000: 00000003 00000000 00000000 0001 03 1882385
0000000000000000: 00000003 00000000 00000000 0001 03 1837674
0000000000000000: 00000003 00000000 00000000 0001 03 1876551
0000000000000000: 00000003 00000000 00000000 0001 03 701554
0000000000000000: 00000003 00000000 00000000 0001 03 430148 /var/lib/gdm3/.cache/ibus/dbus-u6LWMg0q
0000000000000000: 00000003 00000000 00000000 0001 03 1882228
0000000000000000: 00000003 00000000 00000000 0001 03 1862074 /run/user/1000/wayland-0
0000000000000000: 00000003 00000000 00000000 0001 03 423915 /run/dbus/system_bus_socket
0000000000000000: 00000003 00000000 00000000 0001 03 417693
0000000000000000: 00000003 00000000 00000000 0001 03 1877227
0000000000000000: 00000003 00000000 00000000 0001 03 1856246
0000000000000000: 00000002 00000000 00010000 0001 01 496163 /run/gdm3/dbus/dbus-hNPqpPPP
0000000000000000: 00000003 00000000 00000000 0001 03 421729 /tmp/dbus-unUBeCRg2v
0000000000000000: 00000003 00000000 00000000 0001 03 1871189 /run/systemd/journal/stdout
0000000000000000: 00000002 00000000 00010000 0001 01 496164 /run/gdm3/dbus/dbus-QlBB9PUA
0000000000000000: 00000003 00000000 00000000 0001 03 36737 /run/user/125/at-spi/bus
0000000000000000: 00000003 00000000 00000000 0001 03 207176 /run/systemd/journal/stdout
0000000000000000: 00000003 00000000 00000000 0001 03  3492 /run/dbus/system_bus_socket
0000000000000000: 00000003 00000000 00000000 0001 03 1928930
0000000000000000: 00000003 00000000 00000000 0001 03 1913818
0000000000000000: 00000003 00000000 00000000 0001 03 1878586
0000000000000000: 00000003 00000000 00000000 0001 03 1878509
0000000000000000: 00000003 00000000 00000000 0001 03 1880174 /run/systemd/journal/stdout
0000000000000000: 00000003 00000000 00000000 0001 03 1876570
0000000000000000: 00000003 00000000 00000000 0001 03 1875885
0000000000000000: 00000003 00000000 00000000 0001 03 1878366 /run/systemd/journal/stdout
0000000000000000: 00000002 00000000 00000000 0001 03 705949
0000000000000000: 00000003 00000000 00000000 0001 03 428242 /run/systemd/journal/stdout
0000000000000000: 00000003 00000000 00000000 0001 03 1868531 /run/dbus/system_bus_socket
0000000000000000: 00000003 00000000 00000000 0001 03 1875795
0000000000000000: 00000003 00000000 00000000 0001 03 432134
0000000000000000: 00000003 00000000 00000000 0001 03 101031
0000000000000000: 00000003 00000000 00000000 0001 03 1936498
0000000000000000: 00000003 00000000 00000000 0001 03 1918368 /run/dbus/system_bus_socket
0000000000000000: 00000003 00000000 00000000 0001 03 143315
0000000000000000: 00000003 00000000 00000000 0001 03 406436
0000000000000000: 00000003 00000000 00000000 0001 03 428241
0000000000000000: 00000003 00000000 00000000 0001 03 1871274
0000000000000000: 00000003 00000000 00000000 0001 03 1854332 /run/dbus/system_bus_socket
0000000000000000: 00000002 00000000 00000000 0002 01 1868549
0000000000000000: 00000003 00000000 00000000 0001 03 1878408
0000000000000000: 00000003 00000000 00000000 0001 03 1918437
0000000000000000: 00000003 00000000 00000000 0001 03 1876534 /run/user/1000/bus
0000000000000000: 00000003 00000000 00000000 0001 03 1873646
0000000000000000: 00000003 00000000 00000000 0001 03 428246 /run/dbus/system_bus_socket
0000000000000000: 00000003 00000000 00000000 0001 03 424690 /run/systemd/journal/stdout
0000000000000000: 00000003 00000000 00000000 0001 03 1871271 /run/user/1000/bus
0000000000000000: 00000003 00000000 00000000 0001 03 1855019
0000000000000000: 00000003 00000000 00000000 0001 03 1877119
0000000000000000: 00000003 00000000 00000000 0001 03 422669
0000000000000000: 00000003 00000000 00000000 0001 03 428224
0000000000000000: 00000002 00000000 00000000 0002 03 426600
0000000000000000: 00000003 00000000 00000000 0001 03 1947841
0000000000000000: 00000003 00000000 00000000 0001 03 430136 @/tmp/.X11-unix/X1026
0000000000000000: 00000003 00000000 00000000 0001 03 415603
0000000000000000: 00000003 00000000 00000000 0001 03 1878512
0000000000000000: 00000003 00000000 00000000 0001 03 1837722
0000000000000000: 00000003 00000000 00000000 0001 03 1837710 /run/dbus/system_bus_socket
0000000000000000: 00000003 00000000 00000000 0001 03 1874291 /run/user/1000/bus
0000000000000000: 00000002 00000000 00000000 0001 03 1845355
0000000000000000: 00000003 00000000 00000000 0001 03 427135
0000000000000000: 00000003 00000000 00000000 0001 03 16908
0000000000000000: 00000003 00000000 00000000 0001 03 1874514 /run/dbus/system_bus_socket
0000000000000000: 00000003 00000000 00000000 0001 03 1879302
0000000000000000: 00000003 00000000 00000000 0001 03 1878430 /home/rajatsharma/.cache/ibus/dbus-lF928ihm
0000000000000000: 00000003 00000000 00000000 0001 03 1873748
0000000000000000: 00000003 00000000 00000000 0001 03 429134 /tmp/dbus-unUBeCRg2v
0000000000000000: 00000003 00000000 00000000 0001 03 1877607
0000000000000000: 00000003 00000000 00000000 0001 03 1871188
0000000000000000: 00000002 00000000 00010000 0001 01 1872443 /run/gdm3/dbus/dbus-ODaxhT2r
0000000000000000: 00000003 00000000 00000000 0001 03 406376
0000000000000000: 00000003 00000000 00000000 0001 03 19649
0000000000000000: 00000002 00000000 00010000 0001 01 1872444 /run/gdm3/dbus/dbus-yuS1WXRk
0000000000000000: 00000003 00000000 00000000 0001 03 673350 /run/systemd/journal/stdout
0000000000000000: 00000003 00000000 00000000 0001 03 425984 /run/systemd/journal/stdout
0000000000000000: 00000003 00000000 00000000 0001 03 1943546
0000000000000000: 00000003 00000000 00000000 0001 03 1878506
0000000000000000: 00000003 00000000 00000000 0001 03 1864503 /home/rajatsharma/.cache/ibus/dbus-lF928ihm
0000000000000000: 00000003 00000000 00000000 0001 03 1868548
0000000000000000: 00000003 00000000 00000000 0001 03 1872825 /run/user/1000/bus
0000000000000000: 00000003 00000000 00000000 0001 03 421711
0000000000000000: 00000003 00000000 00000000 0001 03 16863
0000000000000000: 00000003 00000000 00000000 0001 03 1950898
0000000000000000: 00000003 00000000 00000000 0001 03 1873770
0000000000000000: 00000003 00000000 00000000 0001 03 1875889 /run/user/1000/bus
0000000000000000: 00000002 00000000 00010000 0001 01 36730 /run/user/125/at-spi/bus
0000000000000000: 00000003 00000000 00000000 0001 03 101032
0000000000000000: 00000003 00000000 00000000 0001 03 1917130
0000000000000000: 00000003 00000000 00000000 0001 03 1877234
0000000000000000: 00000002 00000000 00010000 0001 01 1856202 /home/rajatsharma/.cache/ibus/dbus-lF928ihm
0000000000000000: 00000003 00000000 00000000 0001 03 1855026
0000000000000000: 00000003 00000000 00000000 0001 03 1875833
0000000000000000: 00000003 00000000 00000000 0001 03 143314
0000000000000000: 00000003 00000000 00000000 0001 03 266518
0000000000000000: 00000003 00000000 00000000 0001 03 1878609
0000000000000000: 00000003 00000000 00000000 0001 03 419608
0000000000000000: 00000003 00000000 00000000 0002 03 21241
0000000000000000: 00000003 00000000 00000000 0001 03 1868558
0000000000000000: 00000003 00000000 00000000 0001 03 1876588
0000000000000000: 00000002 00000000 00010000 0001 01 382923 /run/user/125/wayland-1
0000000000000000: 00000003 00000000 00000000 0001 03 1927306
0000000000000000: 00000003 00000000 00000000 0001 03 1881172 /run/user/1000/bus
0000000000000000: 00000003 00000000 00000000 0001 03 1879327
0000000000000000: 00000003 00000000 00000000 0001 03 1872731 /run/user/1000/bus
0000000000000000: 00000003 00000000 00000000 0001 03 382942
0000000000000000: 00000003 00000000 00000000 0001 03  4830 /run/dbus/system_bus_socket
0000000000000000: 00000003 00000000 00000000 0001 03 1936873
0000000000000000: 00000003 00000000 00000000 0001 03 1933680 /run/user/1000/wayland-0
0000000000000000: 00000003 00000000 00000000 0001 03 101193 /run/user/125/wayland-1
0000000000000000: 00000003 00000000 00000000 0001 03 1861262 /run/user/1000/bus
0000000000000000: 00000002 00000000 00000000 0002 03 24072
0000000000000000: 00000003 00000000 00000000 0001 03 21974 /run/systemd/journal/stdout
0000000000000000: 00000002 00000000 00000000 0002 03 16907
0000000000000000: 00000002 00000000 00000000 0002 03 21185
0000000000000000: 00000003 00000000 00000000 0001 03 1856302
0000000000000000: 00000003 00000000 00000000 0001 03 1864493 /run/user/1000/at-spi/bus
0000000000000000: 00000003 00000000 00000000 0001 03 1868541
0000000000000000: 00000003 00000000 00000000 0001 03 1872816 /run/user/1000/wayland-0
0000000000000000: 00000003 00000000 00000000 0001 03 1872777 /run/systemd/journal/stdout
0000000000000000: 00000002 00000000 00010000 0001 01 1854247 /run/user/1000/keyring/ssh
0000000000000000: 00000002 00000000 00000000 0001 03 468831 /run/gdm3/dbus/dbus-QlBB9PUA
0000000000000000: 00000003 00000000 00000000 0001 03 429067
0000000000000000: 00000003 00000000 00000000 0001 03 1872857 /run/snapd-snap.socket
0000000000000000: 00000003 00000000 00000000 0001 03 1875816
0000000000000000: 00000002 00000000 00000000 0001 03 488190 /run/gdm3/dbus/dbus-mwTXgi6U
0000000000000000: 00000002 00000000 00000000 0002 01 143258
0000000000000000: 00000003 00000000 00000000 0001 03 426596
0000000000000000: 00000003 00000000 00000000 0001 03 1879263
0000000000000000: 00000003 00000000 00000000 0001 03 1855013
0000000000000000: 00000003 00000000 00000000 0001 03 667825
0000000000000000: 00000002 00000000 00000000 0002 03 672921
0000000000000000: 00000003 00000000 00000000 0001 03 19705
0000000000000000: 00000003 00000000 00000000 0001 03 1878610
0000000000000000: 00000003 00000000 00000000 0001 03 1871310
0000000000000000: 00000003 00000000 00000000 0001 03 414589 /run/user/125/at-spi/bus
0000000000000000: 00000003 00000000 00000000 0001 03 415613
0000000000000000: 00000002 00000000 00000000 0002 03 16868
0000000000000000: 00000003 00000000 00000000 0001 03 1881217
0000000000000000: 00000003 00000000 00000000 0001 03 1874377 /run/user/1000/at-spi/bus
0000000000000000: 00000003 00000000 00000000 0001 03 1875903
0000000000000000: 00000003 00000000 00000000 0001 03 1872823 /run/user/1000/bus
0000000000000000: 00000003 00000000 00000000 0001 03 1873797
0000000000000000: 00000003 00000000 00000000 0001 03 1870829 /run/systemd/journal/stdout
0000000000000000: 00000003 00000000 00000000 0001 03 1856171 /run/systemd/journal/stdout
0000000000000000: 00000003 00000000 00000000 0001 03 1875799
0000000000000000: 00000003 00000000 00000000 0001 03 1872687 /run/dbus/system_bus_socket
0000000000000000: 00000003 00000000 00000000 0001 03 1919262
0000000000000000: 00000003 00000000 00000000 0001 03 1901087 /run/user/1000/wayland-0
0000000000000000: 00000003 00000000 00000000 0001 03 101232
0000000000000000: 00000003 00000000 00000000 0001 03 418521 /run/dbus/system_bus_socket
0000000000000000: 00000003 00000000 00000000 0001 03 1876950
0000000000000000: 00000003 00000000 00000000 0001 03 1872773
0000000000000000: 00000002 00000000 00000000 0002 03 1872605
0000000000000000: 00000003 00000000 00000000 0001 03 647153 /run/user/125/bus
0000000000000000: 00000003 00000000 00000000 0001 03 418679
0000000000000000: 00000003 00000000 00000000 0001 03 424615
0000000000000000: 00000003 00000000 00000000 0001 03 1869817
0000000000000000: 00000003 00000000 00000000 0001 03 1869692
0000000000000000: 00000003 00000000 00000000 0001 03 414581
0000000000000000: 00000003 00000000 00000000 0001 03 1854366
0000000000000000: 00000002 00000000 00010000 0001 01 1873742 /run/user/1000/at-spi/bus
0000000000000000: 00000003 00000000 00000000 0001 03 1874307
0000000000000000: 00000002 00000000 00000000 0002 03 662220
0000000000000000: 00000003 00000000 00000000 0001 03 1950428
0000000000000000: 00000003 00000000 00000000 0001 03 1874568
0000000000000000: 00000003 00000000 00000000 0001 03 423797 /run/systemd/journal/stdout
0000000000000000: 00000003 00000000 00000000 0001 03 1864462
0000000000000000: 00000003 00000000 00000000 0001 03 1856199 /run/systemd/journal/stdout
0000000000000000: 00000003 00000000 00000000 0001 03 418647
0000000000000000: 00000003 00000000 00000000 0001 03 23665 /run/systemd/journal/stdout
0000000000000000: 00000003 00000000 00000000 0001 03 1864569
0000000000000000: 00000003 00000000 00000000 0001 03 1872688
0000000000000000: 00000003 00000000 00000000 0001 03 1844578 /run/dbus/system_bus_socket
0000000000000000: 00000002 00000000 00000000 0001 03 23881 /run/gdm3/dbus/dbus-vRPaCo0f
0000000000000000: 00000003 00000000 00000000 0001 03 13582
0000000000000000: 00000003 00000000 00000000 0001 03 1874428
0000000000000000: 00000003 00000000 00000000 0001 03 1856250 /run/systemd/journal/stdout
0000000000000000: 00000003 00000000 00000000 0001 03 1868426 /run/systemd/journal/stdout
0000000000000000: 00000002 00000000 00000000 0002 03 663773
0000000000000000: 00000002 00000000 00010000 0001 01 1872755 /run/user/1000/wayland-0
0000000000000000: 00000003 00000000 00000000 0001 03 430133 /var/lib/gdm3/.cache/ibus/dbus-u6LWMg0q
0000000000000000: 00000003 00000000 00000000 0001 03 418522 /run/dbus/system_bus_socket
0000000000000000: 00000003 00000000 00000000 0001 03 1901317
0000000000000000: 00000003 00000000 00000000 0001 03 1855080 /run/dbus/system_bus_socket
0000000000000000: 00000003 00000000 00000000 0001 03 1870723 /run/dbus/system_bus_socket
0000000000000000: 00000003 00000000 00000000 0001 03 1875783 /run/systemd/journal/stdout
0000000000000000: 00000003 00000000 00000000 0001 03 429129 /tmp/dbus-unUBeCRg2v
0000000000000000: 00000003 00000000 00000000 0001 03 36736
0000000000000000: 00000003 00000000 00000000 0001 03 10849 /run/systemd/journal/stdout
0000000000000000: 00000003 00000000 00000000 0001 03 1873887
0000000000000000: 00000003 00000000 00000000 0001 03 1882143 /run/user/1000/at-spi/bus
0000000000000000: 00000003 00000000 00000000 0001 03 414569
0000000000000000: 00000003 00000000 00000000 0001 03 1875927 /run/user/1000/bus
0000000000000000: 00000003 00000000 00000000 0001 03 1854269
0000000000000000: 00000002 00000000 00000000 0002 01 1862042
0000000000000000: 00000003 00000000 00000000 0002 03 663777
0000000000000000: 00000003 00000000 00000000 0001 03 423683
0000000000000000: 00000003 00000000 00000000 0001 03 426447 /run/user/125/bus
0000000000000000: 00000003 00000000 00000000 0001 03 1919233
0000000000000000: 00000003 00000000 00000000 0001 03 1862030
0000000000000000: 00000003 00000000 00000000 0001 03 650978 /run/systemd/journal/stdout
0000000000000000: 00000003 00000000 00000000 0001 03 414395
0000000000000000: 00000003 00000000 00000000 0001 03 1868527 /run/dbus/system_bus_socket
0000000000000000: 00000003 00000000 00000000 0001 03 1864460
0000000000000000: 00000003 00000000 00000000 0001 03 1872779
0000000000000000: 00000003 00000000 00000000 0001 03 207182
0000000000000000: 00000003 00000000 00000000 0001 03 1873874 /run/systemd/journal/stdout
0000000000000000: 00000003 00000000 00000000 0005 03 1864541
0000000000000000: 00000003 00000000 00000000 0001 03 1864507
0000000000000000: 00000003 00000000 00000000 0001 03 1873824
0000000000000000: 00000003 00000000 00000000 0001 03 1869694
0000000000000000: 00000003 00000000 00000000 0001 03 1872749
0000000000000000: 00000003 00000000 00000000 0001 03 1879236 /run/user/1000/bus
0000000000000000: 00000003 00000000 00000000 0001 03 1854204
0000000000000000: 00000003 00000000 00000000 0001 03 1844584 /run/dbus/system_bus_socket
0000000000000000: 00000003 00000000 00000000 0001 03 1880241
0000000000000000: 00000003 00000000 00000000 0001 03 1917638
0000000000000000: 00000003 00000000 00000000 0001 03 1939005
0000000000000000: 00000003 00000000 00000000 0001 03 1856187
0000000000000000: 00000003 00000000 00000000 0001 03 1864407 @/tmp/.ICE-unix/357733
0000000000000000: 00000003 00000000 00000000 0001 03 421489 /run/systemd/journal/stdout
0000000000000000: 00000003 00000000 00000000 0001 03 1868649
0000000000000000: 00000003 00000000 00000000 0001 03 1862080
0000000000000000: 00000003 00000000 00000000 0001 03 1864395
0000000000000000: 00000003 00000000 00000000 0001 03 406212 /run/systemd/journal/stdout
0000000000000000: 00000002 00000000 00000000 0002 01  8796
0000000000000000: 00000003 00000000 00000000 0001 03 10859 /run/systemd/journal/stdout
0000000000000000: 00000002 00000000 00010000 0001 01 1927302 /tmp/.com.google.Chrome.591sw7/SingletonSocket
0000000000000000: 00000003 00000000 00000000 0001 03 1876601 /run/systemd/journal/stdout
0000000000000000: 00000003 00000000 00000000 0001 03 1864513
0000000000000000: 00000003 00000000 00000000 0001 03 1873807
0000000000000000: 00000002 00000000 00000000 0002 03 36542
0000000000000000: 00000003 00000000 00000000 0001 03 1854375
0000000000000000: 00000003 00000000 00000000 0001 03 1878569 /run/user/1000/wayland-0
0000000000000000: 00000003 00000000 00000000 0001 03 1880148
0000000000000000: 00000003 00000000 00000000 0001 03 1861238 /run/user/1000/bus
0000000000000000: 00000003 00000000 00000000 0001 03 207217 /tmp/dbus-unUBeCRg2v
0000000000000000: 00000003 00000000 00000000 0002 03 14598
0000000000000000: 00000003 00000000 00000000 0001 03 1875945 /run/systemd/journal/stdout
0000000000000000: 00000003 00000000 00000000 0001 03 1856248 /run/user/1000/bus
0000000000000000: 00000003 00000000 00000000 0001 03 1856190
0000000000000000: 00000003 00000000 00000000 0001 03 1862041 /run/user/1000/pipewire-0
0000000000000000: 00000003 00000000 00000000 0001 03 1862040
0000000000000000: 00000003 00000000 00000000 0001 03 1864444 /run/user/1000/bus
0000000000000000: 00000002 00000000 00000000 0002 01 1854228
0000000000000000: 00000003 00000000 00000000 0001 03 101194 /run/user/125/wayland-1
0000000000000000: 00000003 00000000 00000000 0001 03 425890
0000000000000000: 00000003 00000000 00000000 0001 03 1928475 /run/user/1000/at-spi/bus
0000000000000000: 00000003 00000000 00000000 0001 03 1864573
0000000000000000: 00000003 00000000 00000000 0001 03 1869709
0000000000000000: 00000003 00000000 00000000 0001 03 1909142
0000000000000000: 00000003 00000000 00000000 0001 03 1874457
0000000000000000: 00000002 00000000 00000000 0002 03 663756
0000000000000000: 00000003 00000000 00000000 0001 03 1946779
0000000000000000: 00000003 00000000 00000000 0001 03 1950400
0000000000000000: 00000003 00000000 00000000 0001 03 1878561 /run/user/1000/bus
0000000000000000: 00000003 00000000 00000000 0001 03 1862059
0000000000000000: 00000003 00000000 00000000 0001 03 1864440 /run/dbus/system_bus_socket
0000000000000000: 00000003 00000000 00000000 0001 03 101203 /run/user/125/wayland-1
0000000000000000: 00000003 00000000 00000000 0001 03 1876688
0000000000000000: 00000003 00000000 00000000 0001 03 1872771
0000000000000000: 00000003 00000000 00000000 0001 03 1864394
0000000000000000: 00000002 00000000 00000000 0001 03 1093870 /run/gdm3/dbus/dbus-UgRLjUi7
0000000000000000: 00000002 00000000 00000000 0002 01 406227
0000000000000000: 00000003 00000000 00000000 0001 03 1873831
0000000000000000: 00000003 00000000 00000000 0001 03 1880142 /run/systemd/journal/stdout
0000000000000000: 00000003 00000000 00000000 0001 03 1872813 /run/user/1000/wayland-0
0000000000000000: 00000003 00000000 00000000 0001 03 1869698
0000000000000000: 00000003 00000000 00000000 0001 03 1864375 /run/user/1000/bus
0000000000000000: 00000003 00000000 00000000 0001 03 1879400 /run/user/1000/bus
0000000000000000: 00000003 00000000 00000000 0001 03 1856249 /run/systemd/journal/stdout
0000000000000000: 00000003 00000000 00000000 0002 03 663764
0000000000000000: 00000003 00000000 00000000 0001 03 425983
0000000000000000: 00000003 00000000 00000000 0001 03 1856221
0000000000000000: 00000003 00000000 00000000 0001 03 414553
0000000000000000: 00000003 00000000 00000000 0001 03 1901316
0000000000000000: 00000003 00000000 00000000 0001 03 1872840
0000000000000000: 00000003 00000000 00000000 0001 03 1864432
0000000000000000: 00000002 00000000 00000000 0002 03 1854227
0000000000000000: 00000003 00000000 00000000 0001 03 1872685 /run/dbus/system_bus_socket
0000000000000000: 00000003 00000000 00000000 0001 03 418680
0000000000000000: 00000003 00000000 00000000 0001 03 1873886
0000000000000000: 00000002 00000000 00010000 0001 01 1844576 /run/cups/cups.sock
0000000000000000: 00000003 00000000 00000000 0001 03 406224
0000000000000000: 00000003 00000000 00000000 0001 03 21799
0000000000000000: 00000003 00000000 00000000 0001 03 1880240
0000000000000000: 00000003 00000000 00000000 0001 03 1874465
0000000000000000: 00000002 00000000 00000000 0001 03 1873599 /run/gdm3/dbus/dbus-yuS1WXRk
0000000000000000: 00000003 00000000 00000000 0001 03 12778
0000000000000000: 00000003 00000000 00000000 0001 03 1950419
0000000000000000: 00000003 00000000 00000000 0001 03 1874553 /run/dbus/system_bus_socket
0000000000000000: 00000003 00000000 00000000 0001 03 1855061
0000000000000000: 00000003 00000000 00000000 0001 03 1877126 /run/user/1000/bus
0000000000000000: 00000003 00000000 00000000 0001 03 424697 /tmp/dbus-unUBeCRg2v
0000000000000000: 00000003 00000000 00000000 0001 03 414554
0000000000000000: 00000003 00000000 00000000 0001 03  6588
0000000000000000: 00000003 00000000 00000000 0001 03 1876921
0000000000000000: 00000003 00000000 00000000 0001 03 1861266
0000000000000000: 00000003 00000000 00000000 0001 03 661021 /run/dbus/system_bus_socket
0000000000000000: 00000003 00000000 00000000 0001 03 207250
0000000000000000: 00000003 00000000 00000000 0001 03 1877233 /run/user/1000/bus
0000000000000000: 00000003 00000000 00000000 0001 03 424687 /run/systemd/journal/stdout
0000000000000000: 00000003 00000000 00000000 0001 03 1936558
0000000000000000: 00000003 00000000 00000000 0001 03 1861341 /run/user/1000/pipewire-0
0000000000000000: 00000003 00000000 00000000 0001 03 1880146 /run/systemd/journal/stdout
0000000000000000: 00000003 00000000 00000000 0001 03 414562 /run/dbus/system_bus_socket
0000000000000000: 00000003 00000000 00000000 0001 03 1939010
0000000000000000: 00000003 00000000 00000000 0001 03 1878424 /run/systemd/journal/stdout
0000000000000000: 00000003 00000000 00000000 0001 03 1856163
0000000000000000: 00000003 00000000 00000000 0001 03  6726
0000000000000000: 00000003 00000000 00000000 0001 03 14612
0000000000000000: 00000003 00000000 00000000 0001 03 1862120
0000000000000000: 00000003 00000000 00000000 0001 03 430121 @/tmp/.X11-unix/X1027
0000000000000000: 00000003 00000000 00000000 0001 03 425861
0000000000000000: 00000003 00000000 00000000 0001 03 426438
0000000000000000: 00000003 00000000 00000000 0001 03 1873826
0000000000000000: 00000003 00000000 00000000 0001 03 1869750 /run/user/1000/gvfsd/socket-SMRROXyS
0000000000000000: 00000003 00000000 00000000 0001 03 1936557
0000000000000000: 00000003 00000000 00000000 0001 03 1880242
0000000000000000: 00000003 00000000 00000000 0001 03 1861299 /home/rajatsharma/.cache/ibus/dbus-lF928ihm
0000000000000000: 00000002 00000000 00000000 0001 03 1106426 /run/gdm3/dbus/dbus-MlYch9Y1
0000000000000000: 00000003 00000000 00000000 0001 03 425980
0000000000000000: 00000003 00000000 00000000 0001 03 1919263
0000000000000000: 00000003 00000000 00000000 0001 03 1864465 /run/user/1000/bus
0000000000000000: 00000003 00000000 00000000 0001 03 414555
0000000000000000: 00000003 00000000 00000000 0001 03 1901086
0000000000000000: 00000003 00000000 00000000 0001 03 1864348
0000000000000000: 00000003 00000000 00000000 0001 03 661298 /run/dbus/system_bus_socket
0000000000000000: 00000003 00000000 00000000 0001 03 672930 /run/systemd/oom/io.systemd.ManagedOOM
0000000000000000: 00000003 00000000 00000000 0001 03 1864492 /run/user/1000/at-spi/bus
0000000000000000: 00000003 00000000 00000000 0001 03 266662 /run/dbus/system_bus_socket
0000000000000000: 00000003 00000000 00000000 0001 03 1869818 /run/user/1000/bus
0000000000000000: 00000003 00000000 00000000 0001 03 1880176
0000000000000000: 00000003 00000000 00000000 0001 03 1870792 /run/user/1000/bus
0000000000000000: 00000002 00000000 00000000 0002 03 1855041
0000000000000000: 00000003 00000000 00000000 0001 03 421728 /tmp/dbus-unUBeCRg2v
0000000000000000: 00000003 00000000 00000000 0001 03  2397 /run/dbus/system_bus_socket
0000000000000000: 00000003 00000000 00000000 0002 03 14599
0000000000000000: 00000003 00000000 00000000 0001 03 1877183 /run/systemd/journal/stdout
0000000000000000: 00000003 00000000 00000000 0001 03 1856162
0000000000000000: 00000003 00000000 00000000 0001 03 1876489
0000000000000000: 00000003 00000000 00000000 0001 03 430130 @/tmp/.X11-unix/X1027
0000000000000000: 00000003 00000000 00000000 0001 03 1862123
0000000000000000: 00000003 00000000 00000000 0001 03 1872783
0000000000000000: 00000003 00000000 00000000 0001 03 1864436
0000000000000000: 00000003 00000000 00000000 0001 03 1869808
0000000000000000: 00000003 00000000 00000000 0001 03 1869752
0000000000000000: 00000003 00000000 00000000 0001 03 1856204 /run/user/1000/bus
0000000000000000: 00000003 00000000 00000000 0001 03 424411 /run/systemd/journal/stdout
0000000000000000: 00000003 00000000 00000000 0001 03 25467
0000000000000000: 00000003 00000000 00000000 0001 03 11907
0000000000000000: 00000003 00000000 00000000 0001 03 1880223
0000000000000000: 00000003 00000000 00000000 0001 03 1878583 /home/rajatsharma/.cache/ibus/dbus-lF928ihm
0000000000000000: 00000003 00000000 00000000 0001 03 1879215 /run/systemd/journal/stdout
0000000000000000: 00000003 00000000 00000000 0001 03 1868441 /run/systemd/oom/io.systemd.ManagedOOM
0000000000000000: 00000003 00000000 00000000 0002 03 663762
0000000000000000: 00000003 00000000 00000000 0001 03 1878582 /run/user/1000/bus
0000000000000000: 00000003 00000000 00000000 0001 03 1856208
0000000000000000: 00000003 00000000 00000000 0001 03 1855037
0000000000000000: 00000003 00000000 00000000 0001 03 424580 /run/dbus/system_bus_socket
0000000000000000: 00000003 00000000 00000000 0001 03 54753 /run/dbus/system_bus_socket
0000000000000000: 00000003 00000000 00000000 0001 03 10888
0000000000000000: 00000003 00000000 00000000 0001 03 1881105 /run/user/1000/gvfsd/socket-oxHrESQd
0000000000000000: 00000002 00000000 00000000 0001 03 1861274
0000000000000000: 00000003 00000000 00000000 0001 03 1864405
0000000000000000: 00000003 00000000 00000000 0001 03 1915161
0000000000000000: 00000003 00000000 00000000 0001 03 1873859
0000000000000000: 00000003 00000000 00000000 0001 03 1856174 /run/systemd/journal/stdout
0000000000000000: 00000003 00000000 00000000 0001 03 1854226
0000000000000000: 00000003 00000000 00000000 0001 03 1844582 /run/dbus/system_bus_socket
0000000000000000: 00000003 00000000 00000000 0001 03  8807
0000000000000000: 00000003 00000000 00000000 0001 03 13616
0000000000000000: 00000003 00000000 00000000 0001 03 1880203
0000000000000000: 00000003 00000000 00000000 0001 03 1875941 /run/user/1000/bus
0000000000000000: 00000003 00000000 00000000 0001 03 1874376
0000000000000000: 00000003 00000000 00000000 0001 03 1877132 /run/user/1000/bus
0000000000000000: 00000003 00000000 00000000 0001 03 1946780
0000000000000000: 00000002 00000000 00000000 0002 01 1880135
0000000000000000: 00000003 00000000 00000000 0001 03 1875909 /run/dbus/system_bus_socket
0000000000000000: 00000002 00000000 00010000 0001 01 101206 /var/lib/gdm3/.cache/ibus/dbus-u6LWMg0q
0000000000000000: 00000003 00000000 00000000 0001 03 1901100
0000000000000000: 00000003 00000000 00000000 0001 03 1862097
0000000000000000: 00000003 00000000 00000000 0001 03 1861308
0000000000000000: 00000003 00000000 00000000 0001 03 1877184 /run/dbus/system_bus_socket
0000000000000000: 00000002 00000000 00000000 0002 01 13626
0000000000000000: 00000003 00000000 00000000 0001 03 23686 /run/dbus/system_bus_socket
0000000000000000: 00000003 00000000 00000000 0001 03 1864592
0000000000000000: 00000003 00000000 00000000 0001 03 1873860
0000000000000000: 00000003 00000000 00000000 0001 03 1869725
0000000000000000: 00000003 00000000 00000000 0001 03 1872760
0000000000000000: 00000003 00000000 00000000 0001 03 1874362
0000000000000000: 00000003 00000000 00000000 0001 03 1854268
0000000000000000: 00000003 00000000 00000000 0001 03 1877122 /run/user/1000/bus
0000000000000000: 00000003 00000000 00000000 0001 03 1874571
0000000000000000: 00000003 00000000 00000000 0001 03 1876657 /run/user/1000/bus
0000000000000000: 00000003 00000000 00000000 0001 03 1878411 /run/user/1000/bus
0000000000000000: 00000003 00000000 00000000 0001 03 1861256 /run/user/1000/bus
0000000000000000: 00000003 00000000 00000000 0001 03 424736 /tmp/dbus-unUBeCRg2v
0000000000000000: 00000003 00000000 00000000 0001 03 35152 /run/systemd/journal/stdout
0000000000000000: 00000003 00000000 00000000 0001 03 1872817 /run/user/1000/wayland-0
0000000000000000: 00000003 00000000 00000000 0001 03 1856205 /run/user/1000/bus
0000000000000000: 00000002 00000000 00000000 0002 03 1854222
0000000000000000: 00000003 00000000 00000000 0001 03 1875784 /run/systemd/journal/stdout
0000000000000000: 00000003 00000000 00000000 0001 03 425976 /run/systemd/journal/stdout
0000000000000000: 00000003 00000000 00000000 0001 03 36735
0000000000000000: 00000003 00000000 00000000 0001 03 1874567
0000000000000000: 00000003 00000000 00000000 0001 03 1880160
0000000000000000: 00000003 00000000 00000000 0001 03 1872811 /run/user/1000/wayland-0
0000000000000000: 00000003 00000000 00000000 0001 03 1806864
0000000000000000: 00000003 00000000 00000000 0001 03 426718
0000000000000000: 00000003 00000000 00000000 0001 03 62544 /run/dbus/system_bus_socket
0000000000000000: 00000003 00000000 00000000 0001 03 11952 /run/dbus/system_bus_socket
0000000000000000: 00000003 00000000 00000000 0001 03 1939006
0000000000000000: 00000003 00000000 00000000 0001 03 1868546 /run/user/1000/pipewire-0
0000000000000000: 00000003 00000000 00000000 0001 03 1862043
0000000000000000: 00000003 00000000 00000000 0001 03 658614 /run/dbus/system_bus_socket
0000000000000000: 00000003 00000000 00000000 0001 03 14330 /run/user/125/bus
0000000000000000: 00000003 00000000 00000000 0001 03 426467 /run/user/125/bus
0000000000000000: 00000003 00000000 00000000 0001 03 1872810 /run/user/1000/wayland-0
0000000000000000: 00000003 00000000 00000000 0001 03 1864396
0000000000000000: 00000003 00000000 00000000 0002 03 1869556
0000000000000000: 00000003 00000000 00000000 0001 03 1928474 /run/user/1000/bus
0000000000000000: 00000003 00000000 00000000 0001 03 1873834
0000000000000000: 00000003 00000000 00000000 0001 03 266657
0000000000000000: 00000003 00000000 00000000 0001 03 1874316
0000000000000000: 00000003 00000000 00000000 0002 03 663761
0000000000000000: 00000003 00000000 00000000 0001 03 382962 /tmp/dbus-unUBeCRg2v
0000000000000000: 00000003 00000000 00000000 0001 03 431107
0000000000000000: 00000003 00000000 00000000 0001 03 1950406
0000000000000000: 00000003 00000000 00000000 0001 03 423798 /run/systemd/journal/stdout
0000000000000000: 00000003 00000000 00000000 0001 03 1901102
0000000000000000: 00000003 00000000 00000000 0001 03 1856188 /run/systemd/journal/stdout
0000000000000000: 00000003 00000000 00000000 0001 03 428247 /run/user/125/pulse/native
0000000000000000: 00000003 00000000 00000000 0001 03 414556 /run/systemd/journal/stdout
0000000000000000: 00000003 00000000 00000000 0001 03 425864
0000000000000000: 00000003 00000000 00000000 0001 03 12098 /run/dbus/system_bus_socket
0000000000000000: 00000003 00000000 00000000 0002 03  8306
0000000000000000: 00000003 00000000 00000000 0001 03 1873825
0000000000000000: 00000003 00000000 00000000 0001 03  3826 /run/systemd/journal/stdout
0000000000000000: 00000003 00000000 00000000 0001 03 1874467
0000000000000000: 00000003 00000000 00000000 0001 03 1880147 /run/systemd/journal/stdout
0000000000000000: 00000003 00000000 00000000 0001 03 1950407
0000000000000000: 00000003 00000000 00000000 0001 03 1862055
0000000000000000: 00000003 00000000 00000000 0001 03 1855064
0000000000000000: 00000003 00000000 00000000 0001 03 1870766 /run/dbus/system_bus_socket
0000000000000000: 00000003 00000000 00000000 0001 03 667758 /run/systemd/journal/stdout
0000000000000000: 00000003 00000000 00000000 0001 03 101212
0000000000000000: 00000003 00000000 00000000 0001 03 1901104
0000000000000000: 00000003 00000000 00000000 0001 03 1876689
0000000000000000: 00000003 00000000 00000000 0001 03 1872598 /run/gdm3/dbus/dbus-ODaxhT2r
0000000000000000: 00000003 00000000 00000000 0001 03 33072
0000000000000000: 00000003 00000000 00000000 0001 03 1873893
0000000000000000: 00000003 00000000 00000000 0001 03 1869779 /run/user/1000/wayland-0
0000000000000000: 00000003 00000000 00000000 0001 03 1808197 /run/systemd/journal/stdout
0000000000000000: 00000003 00000000 00000000 0001 03 1880170
0000000000000000: 00000003 00000000 00000000 0001 03 1872839 /run/dbus/system_bus_socket
0000000000000000: 00000003 00000000 00000000 0001 03 1870844 /run/systemd/journal/stdout
0000000000000000: 00000002 00000000 00000000 0002 01 423924
0000000000000000: 00000003 00000000 00000000 0001 03  5584 /run/systemd/journal/stdout
0000000000000000: 00000002 00000000 00000000 0002 03 17902
0000000000000000: 00000003 00000000 00000000 0001 03 1855060
0000000000000000: 00000003 00000000 00000000 0001 03 670860
0000000000000000: 00000003 00000000 00000000 0001 03 101205
0000000000000000: 00000002 00000000 00000000 0002 01 426610
0000000000000000: 00000003 00000000 00000000 0001 03 1872895
0000000000000000: 00000003 00000000 00000000 0001 03 663519
0000000000000000: 00000003 00000000 00000000 0001 03 418646
0000000000000000: 00000003 00000000 00000000 0001 03 424572
0000000000000000: 00000002 00000000 00000000 0001 03 1873861
0000000000000000: 00000003 00000000 00000000 0001 03 1854251
0000000000000000: 00000003 00000000 00000000 0001 03 266658
0000000000000000: 00000003 00000000 00000000 0001 03 21796
0000000000000000: 00000003 00000000 00000000 0001 03 1880245
0000000000000000: 00000003 00000000 00000000 0001 03 1874347
0000000000000000: 00000003 00000000 00000000 0001 03 1861254 /run/systemd/journal/stdout
0000000000000000: 00000003 00000000 00000000 0001 03 1873749 /run/user/1000/at-spi/bus
0000000000000000: 00000003 00000000 00000000 0001 03 1950402
0000000000000000: 00000003 00000000 00000000 0001 03 1870739 /run/systemd/journal/stdout
0000000000000000: 00000003 00000000 00000000 0001 03 647316 /run/gdm3/dbus/dbus-l6V4DORy
0000000000000000: 00000003 00000000 00000000 0001 03 406344 /run/dbus/system_bus_socket
0000000000000000: 00000003 00000000 00000000 0001 03 17929
0000000000000000: 00000003 00000000 00000000 0001 03 1861298
0000000000000000: 00000003 00000000 00000000 0001 03 207234
0000000000000000: 00000003 00000000 00000000 0001 03 418526
0000000000000000: 00000003 00000000 00000000 0001 03 11957 /run/dbus/system_bus_socket
0000000000000000: 00000003 00000000 00000000 0001 03 1940495 /run/user/1000/pulse/native
0000000000000000: 00000003 00000000 00000000 0001 03 1872758
0000000000000000: 00000003 00000000 00000000 0001 03 382949 /tmp/dbus-unUBeCRg2v
0000000000000000: 00000003 00000000 00000000 0001 03 1880244
0000000000000000: 00000003 00000000 00000000 0001 03 1871277 /run/user/1000/wayland-0
0000000000000000: 00000003 00000000 00000000 0001 03 1861283 /run/user/1000/bus
0000000000000000: 00000003 00000000 00000000 0001 03  8781 /run/systemd/journal/stdout
0000000000000000: 00000003 00000000 00000000 0001 03 1862069
0000000000000000: 00000003 00000000 00000000 0001 03 1855079
0000000000000000: 00000003 00000000 00000000 0001 03 648879 /run/systemd/journal/stdout
0000000000000000: 00000003 00000000 00000000 0001 03 1901101
0000000000000000: 00000003 00000000 00000000 0001 03 1862098
0000000000000000: 00000003 00000000 00000000 0001 03 1872822
0000000000000000: 00000003 00000000 00000000 0001 03 1861294
0000000000000000: 00000003 00000000 00000000 0001 03 1864354
0000000000000000: 00000003 00000000 00000000 0001 03 1862047 /run/user/1000/bus
0000000000000000: 00000003 00000000 00000000 0001 03 1880144 /run/systemd/journal/stdout
0000000000000000: 00000003 00000000 00000000 0001 03 1861258
0000000000000000: 00000003 00000000 00000000 0001 03 429130 /tmp/dbus-unUBeCRg2v
0000000000000000: 00000003 00000000 00000000 0001 03 1868603 /run/user/1000/bus
0000000000000000: 00000003 00000000 00000000 0001 03 1824550
0000000000000000: 00000003 00000000 00000000 0001 03 430088 /run/systemd/journal/stdout
0000000000000000: 00000003 00000000 00000000 0001 03 54749 /run/systemd/journal/stdout
0000000000000000: 00000003 00000000 00000000 0001 03 23675 /run/systemd/journal/stdout
0000000000000000: 00000003 00000000 00000000 0001 03 10854 /run/systemd/journal/stdout
0000000000000000: 00000003 00000000 00000000 0001 03 1950427
0000000000000000: 00000003 00000000 00000000 0001 03 1917637
0000000000000000: 00000003 00000000 00000000 0001 03 641469 /run/gdm3/dbus/dbus-l6V4DORy
0000000000000000: 00000003 00000000 00000000 0001 03 422572 /run/dbus/system_bus_socket
0000000000000000: 00000003 00000000 00000000 0001 03 1862122
0000000000000000: 00000003 00000000 00000000 0001 03 1872693 /run/user/1000/pipewire-0
0000000000000000: 00000002 00000000 00000000 0002 01 1872691
0000000000000000: 00000003 00000000 00000000 0001 03 670556
0000000000000000: 00000003 00000000 00000000 0001 03 1881215 /run/user/1000/at-spi/bus
0000000000000000: 00000003 00000000 00000000 0001 03 1873827 /run/user/1000/bus
0000000000000000: 00000003 00000000 00000000 0001 03 1874348 /run/systemd/journal/stdout
0000000000000000: 00000003 00000000 00000000 0001 03 1869627
0000000000000000: 00000002 00000000 00000000 0002 03 15684
0000000000000000: 00000003 00000000 00000000 0001 03 1909143
0000000000000000: 00000003 00000000 00000000 0001 03 16875 /run/dbus/system_bus_socket
0000000000000000: 00000003 00000000 00000000 0001 03 1910166 /run/dbus/system_bus_socket
0000000000000000: 00000003 00000000 00000000 0001 03 1868648
0000000000000000: 00000003 00000000 00000000 0001 03 1861302
0000000000000000: 00000003 00000000 00000000 0001 03 1872814 /run/user/1000/wayland-0
0000000000000000: 00000003 00000000 00000000 0001 03 668954 /run/dbus/system_bus_socket
0000000000000000: 00000003 00000000 00000000 0001 03 651268
0000000000000000: 00000003 00000000 00000000 0001 03 425713
0000000000000000: 00000003 00000000 00000000 0001 03 58285
0000000000000000: 00000003 00000000 00000000 0002 03  8307
0000000000000000: 00000003 00000000 00000000 0001 03 1869807
0000000000000000: 00000003 00000000 00000000 0001 03 1868560 /run/user/1000/bus
0000000000000000: 00000003 00000000 00000000 0001 03 21802
0000000000000000: 00000003 00000000 00000000 0001 03 1880143
0000000000000000: 00000003 00000000 00000000 0001 03 1874357 /run/user/1000/bus
0000000000000000: 00000003 00000000 00000000 0001 03 1854266
0000000000000000: 00000002 00000000 00000000 0001 03 1806861
0000000000000000: 00000003 00000000 00000000 0002 03 663778
0000000000000000: 00000003 00000000 00000000 0001 03 418524 /run/dbus/system_bus_socket
0000000000000000: 00000002 00000000 00010000 0001 01 17594 /run/systemd/io.systemd.sysext
0000000000000000: 00000003 00000000 00000000 0001 03 1864417 /run/systemd/journal/stdout
0000000000000000: 00000003 00000000 00000000 0001 03 1862036
0000000000000000: 00000003 00000000 00000000 0001 03 101213
0000000000000000: 00000003 00000000 00000000 0001 03 1861285 /run/user/1000/bus
0000000000000000: 00000003 00000000 00000000 0001 03 1864591
0000000000000000: 00000003 00000000 00000000 0001 03 414561
0000000000000000: 00000003 00000000 00000000 0001 03 424689 /tmp/dbus-unUBeCRg2v
0000000000000000: 00000002 00000000 00000000 0002 03 424562
0000000000000000: 00000003 00000000 00000000 0001 03 42494
0000000000000000: 00000003 00000000 00000000 0001 03 1880243
0000000000000000: 00000003 00000000 00000000 0001 03 1874370
0000000000000000: 00000003 00000000 00000000 0001 03 1862046 /run/systemd/journal/stdout
0000000000000000: 00000003 00000000 00000000 0001 03 1862016 /run/dbus/system_bus_socket
0000000000000000: 00000003 00000000 00000000 0001 03 1855096
0000000000000000: 00000003 00000000 00000000 0001 03 1856223
0000000000000000: 00000003 00000000 00000000 0001 03 1872756 /run/systemd/journal/stdout
0000000000000000: 00000003 00000000 00000000 0001 03 207237 /tmp/dbus-unUBeCRg2v
0000000000000000: 00000003 00000000 00000000 0001 03 1923848 /run/dbus/system_bus_socket
0000000000000000: 00000003 00000000 00000000 0001 03 1877131 /run/user/1000/bus
0000000000000000: 00000003 00000000 00000000 0001 03 666742
0000000000000000: 00000003 00000000 00000000 0001 03 422672
0000000000000000: 00000003 00000000 00000000 0001 03 421722 /run/user/125/pipewire-0
0000000000000000: 00000003 00000000 00000000 0001 03 1878505 /run/user/1000/bus
0000000000000000: 00000003 00000000 00000000 0001 03 1864463
0000000000000000: 00000003 00000000 00000000 0001 03 1869726
0000000000000000: 00000003 00000000 00000000 0001 03 1874375
0000000000000000: 00000003 00000000 00000000 0001 03 1873808 /run/dbus/system_bus_socket
0000000000000000: 00000003 00000000 00000000 0001 03 1854282
0000000000000000: 00000003 00000000 00000000 0001 03 1873759 /run/systemd/journal/stdout
0000000000000000: 00000003 00000000 00000000 0001 03 1946744
0000000000000000: 00000003 00000000 00000000 0001 03 1855077
0000000000000000: 00000003 00000000 00000000 0001 03 1876488
0000000000000000: 00000003 00000000 00000000 0001 03 101199
0000000000000000: 00000003 00000000 00000000 0001 03 382952 /tmp/dbus-unUBeCRg2v
0000000000000000: 00000003 00000000 00000000 0001 03 1901105
0000000000000000: 00000003 00000000 00000000 0001 03 1876951
0000000000000000: 00000003 00000000 00000000 0001 03 1864472 /run/user/1000/bus
0000000000000000: 00000003 00000000 00000000 0001 03 1864374
0000000000000000: 00000003 00000000 00000000 0001 03  5583 /run/dbus/system_bus_socket
0000000000000000: 00000003 00000000 00000000 0001 03 1937757 /run/user/1000/bus
0000000000000000: 00000003 00000000 00000000 0001 03 1872750
0000000000000000: 00000002 00000000 00010000 0001 01 207171 /run/gdm3/dbus/dbus-VAgsyfPq
0000000000000000: 00000003 00000000 00000000 0001 03 11956 /run/dbus/system_bus_socket
0000000000000000: 00000003 00000000 00000000 0001 03 1870843 /run/systemd/journal/stdout
0000000000000000: 00000002 00000000 00010000 0001 01 705589 /run/systemd/private
0000000000000000: 00000002 00000000 00010000 0001 01 207172 /run/gdm3/dbus/dbus-l6V4DORy
0000000000000000: 00000003 00000000 00000000 0001 03 10862 /run/systemd/journal/stdout
0000000000000000: 00000003 00000000 00000000 0001 03 10860 /run/systemd/journal/stdout
0000000000000000: 00000003 00000000 00000000 0001 03 1950403
0000000000000000: 00000003 00000000 00000000 0001 03 1874515 /run/user/1000/bus
0000000000000000: 00000003 00000000 00000000 0001 03 1856200
0000000000000000: 00000003 00000000 00000000 0001 03 1870793 /run/user/1000/bus
0000000000000000: 00000002 00000000 00010000 0001 01 667689 /run/uuidd/request
0000000000000000: 00000002 00000000 00010000 0001 01 207173 /run/gdm3/dbus/dbus-HFY6ivk6
0000000000000000: 00000003 00000000 00000000 0001 03 1947791 /run/dbus/system_bus_socket
0000000000000000: 00000003 00000000 00000000 0001 03 1870727 /run/systemd/journal/stdout
0000000000000000: 00000003 00000000 00000000 0001 03 663506
0000000000000000: 00000002 00000000 00010000 0001 01 207174 /run/gdm3/dbus/dbus-Sui9FrwP
0000000000000000: 00000003 00000000 00000000 0001 03 424388
0000000000000000: 00000003 00000000 00000000 0001 03 1915162
0000000000000000: 00000003 00000000 00000000 0005 03 1864539
0000000000000000: 00000003 00000000 00000000 0001 03 1861253
0000000000000000: 00000003 00000000 00000000 0001 03 11947
0000000000000000: 00000003 00000000 00000000 0001 03 1880224
0000000000000000: 00000003 00000000 00000000 0001 03 1878570 /run/user/1000/wayland-0
0000000000000000: 00000003 00000000 00000000 0001 03 1874395
0000000000000000: 00000003 00000000 00000000 0001 03 1880159 /run/user/1000/pipewire-0
0000000000000000: 00000003 00000000 00000000 0001 03 1856233 /run/user/1000/bus
0000000000000000: 00000003 00000000 00000000 0001 03 1824581
0000000000000000: 00000003 00000000 00000000 0001 03 1861260 /run/user/1000/bus
0000000000000000: 00000003 00000000 00000000 0001 03 1870795 /run/user/1000/at-spi/bus
0000000000000000: 00000003 00000000 00000000 0001 03 1939529 /run/user/1000/bus
0000000000000000: 00000003 00000000 00000000 0001 03 1876922
0000000000000000: 00000003 00000000 00000000 0001 03 1862121
0000000000000000: 00000003 00000000 00000000 0001 03 1872776
0000000000000000: 00000003 00000000 00000000 0001 03 1872735 /run/dbus/system_bus_socket
0000000000000000: 00000003 00000000 00000000 0001 03 207236
0000000000000000: 00000002 00000000 00000000 0002 03  8789
0000000000000000: 00000003 00000000 00000000 0001 03 1869809
0000000000000000: 00000003 00000000 00000000 0001 03 1872824 /run/user/1000/bus
0000000000000000: 00000003 00000000 00000000 0001 03 1879217 /run/user/1000/bus
0000000000000000: 00000003 00000000 00000000 0001 03 427137 /run/dbus/system_bus_socket
0000000000000000: 00000003 00000000 00000000 0001 03 406222
0000000000000000: 00000003 00000000 00000000 0001 03 1936561
0000000000000000: 00000003 00000000 00000000 0001 03 1878410 /home/rajatsharma/.cache/ibus/dbus-lF928ihm
0000000000000000: 00000003 00000000 00000000 0001 03 1873684 /run/systemd/journal/stdout
0000000000000000: 00000003 00000000 00000000 0002 03 663763
0000000000000000: 00000003 00000000 00000000 0001 03 1874572
0000000000000000: 00000003 00000000 00000000 0001 03 1881223 /run/user/1000/at-spi/bus
0000000000000000: 00000002 00000000 00010000 0001 01 1876636 /tmp/.com.google.Chrome.rxADQ0/SingletonSocket
0000000000000000: 00000003 00000000 00000000 0001 03 1869754 /run/user/1000/pipewire-0
0000000000000000: 00000003 00000000 00000000 0001 03 1864434 /run/systemd/journal/stdout
0000000000000000: 00000003 00000000 00000000 0001 03 17901
0000000000000000: 00000003 00000000 00000000 0001 03 1855062 /run/dbus/system_bus_socket
0000000000000000: 00000003 00000000 00000000 0001 03 636869
0000000000000000: 00000003 00000000 00000000 0001 03 419634 /var/lib/gdm3/.cache/ibus/dbus-u6LWMg0q
0000000000000000: 00000003 00000000 00000000 0001 03 1915198
0000000000000000: 00000003 00000000 00000000 0001 03 1879375 /run/user/1000/at-spi/bus
0000000000000000: 00000003 00000000 00000000 0001 03 1864508 /run/user/1000/pipewire-0
0000000000000000: 00000003 00000000 00000000 0001 03 1869740
0000000000000000: 00000003 00000000 00000000 0001 03 1864481
0000000000000000: 00000003 00000000 00000000 0001 03 1872723
0000000000000000: 00000003 00000000 00000000 0001 03 1869559
0000000000000000: 00000003 00000000 00000000 0001 03 25466
0000000000000000: 00000003 00000000 00000000 0001 03 11921
0000000000000000: 00000003 00000000 00000000 0001 03 1854407
0000000000000000: 00000002 00000000 00000000 0002 01 1152320
0000000000000000: 00000003 00000000 00000000 0001 03 425979
0000000000000000: 00000003 00000000 00000000 0001 03 662248
0000000000000000: 00000003 00000000 00000000 0001 03 101198
0000000000000000: 00000003 00000000 00000000 0001 03 1937807 /run/user/1000/pipewire-0
0000000000000000: 00000003 00000000 00000000 0001 03 1872841
0000000000000000: 00000003 00000000 00000000 0001 03 1874358 /run/user/1000/bus
0000000000000000: 00000003 00000000 00000000 0001 03 418681
0000000000000000: 00000003 00000000 00000000 0001 03 23730 /run/systemd/journal/stdout
0000000000000000: 00000003 00000000 00000000 0002 03  8305 /run/systemd/notify
0000000000000000: 00000002 00000000 00000000 0002 01 1864446
0000000000000000: 00000003 00000000 00000000 0001 03 414582
0000000000000000: 00000003 00000000 00000000 0001 03 1861338 /run/user/1000/pipewire-0
0000000000000000: 00000003 00000000 00000000 0001 03 1880169
0000000000000000: 00000003 00000000 00000000 0001 03 1873760 /run/systemd/journal/stdout
0000000000000000: 00000003 00000000 00000000 0001 03 1824545
0000000000000000: 00000003 00000000 00000000 0001 03 13147
0000000000000000: 00000003 00000000 00000000 0001 03 1919234
0000000000000000: 00000003 00000000 00000000 0001 03 1870796 /run/user/1000/bus
0000000000000000: 00000003 00000000 00000000 0001 03 17838
0000000000000000: 00000002 00000000 00010000 0001 01  8310 /run/systemd/userdb/io.systemd.DynamicUser
0000000000000000: 00000003 00000000 00000000 0001 03 1876682
0000000000000000: 00000003 00000000 00000000 0001 03 1862091
0000000000000000: 00000003 00000000 00000000 0001 03 1864447 /run/systemd/journal/stdout
0000000000000000: 00000003 00000000 00000000 0001 03 1856192 /run/user/1000/bus
0000000000000000: 00000003 00000000 00000000 0001 03 1872696 /run/dbus/system_bus_socket
0000000000000000: 00000003 00000000 00000000 0001 03 430134 /var/lib/gdm3/.cache/ibus/dbus-u6LWMg0q
0000000000000000: 00000003 00000000 00000000 0001 03 424616
0000000000000000: 00000002 00000000 00010000 0001 01  8311 /run/systemd/io.systemd.ManagedOOM
0000000000000000: 00000003 00000000 00000000 0001 03 1915199
0000000000000000: 00000003 00000000 00000000 0001 03 1869699
0000000000000000: 00000003 00000000 00000000 0001 03 1854406
0000000000000000: 00000003 00000000 00000000 0001 03 1874308
0000000000000000: 00000003 00000000 00000000 0001 03 1806863
0000000000000000: 00000003 00000000 00000000 0001 03 1854384 @/tmp/.X11-unix/X1
0000000000000000: 00000003 00000000 00000000 0001 03 1864490 /run/user/1000/at-spi/bus
0000000000000000: 00000003 00000000 00000000 0001 03 1862056
0000000000000000: 00000003 00000000 00000000 0001 03 1856198
0000000000000000: 00000003 00000000 00000000 0001 03 1869700 /run/user/1000/bus
0000000000000000: 00000003 00000000 00000000 0001 03 422571 /tmp/dbus-unUBeCRg2v
0000000000000000: 00000003 00000000 00000000 0001 03 1939530 /run/user/1000/pipewire-0
0000000000000000: 00000003 00000000 00000000 0001 03 1901103
0000000000000000: 00000003 00000000 00000000 0001 03 1876683
0000000000000000: 00000003 00000000 00000000 0002 03 1869555
0000000000000000: 00000003 00000000 00000000 0001 03 430135 /tmp/dbus-unUBeCRg2v
0000000000000000: 00000002 00000000 00000000 0002 01  9891 /run/systemd/journal/syslog
0000000000000000: 00000003 00000000 00000000 0001 03 1873892
0000000000000000: 00000003 00000000 00000000 0001 03 1869749
0000000000000000: 00000003 00000000 00000000 0001 03 1879300 /run/user/1000/bus
0000000000000000: 00000003 00000000 00000000 0001 03 1854252
0000000000000000: 00000003 00000000 00000000 0001 03 1844657 /run/dbus/system_bus_socket
0000000000000000: 00000003 00000000 00000000 0001 03 42493
0000000000000000: 00000002 00000000 00010000 0001 01  9893 /run/systemd/fsck.progress
0000000000000000: 00000003 00000000 00000000 0001 03 1861339 /run/user/1000/pipewire-0
0000000000000000: 00000003 00000000 00000000 0001 03 1880141
0000000000000000: 00000002 00000000 00010000 0001 01 673270 /run/systemd/resolve/io.systemd.Resolve
0000000000000000: 00000003 00000000 00000000 0001 03 207240 /tmp/dbus-unUBeCRg2v
0000000000000000: 00000003 00000000 00000000 0001 03 431105
0000000000000000: 00000002 00000000 00010000 0001 01 1855038 @/tmp/.ICE-unix/357733
0000000000000000: 00000002 00000000 00010000 0001 01 1872751 @/tmp/.X11-unix/X0
0000000000000000: 00000002 00000000 00010000 0001 01 1872753 @/tmp/.X11-unix/X1
0000000000000000: 00000003 00000000 00000000 0001 03 1869558 @8862f7ec536196be/bus/systemd/bus-system
0000000000000000: 00000003 00000000 00000000 0005 03 1864540 @cbbd2
0000000000000000: 00000003 00000000 00000000 0001 03 663765 @7bdc7afd9ac54fd2/bus/systemd-timesyn/bus-api-timesync
0000000000000000: 00000003 00000000 00000000 0005 03 1869804 @4d5c2
0000000000000000: 00000003 00000000 00000000 0005 03 1936851 @2da48
0000000000000000: 00000003 00000000 00000000 0001 03 673265 @ab02e2a68a1a22af/bus/systemd-resolve/bus-api-resolve
0000000000000000: 00000003 00000000 00000000 0005 03 1952436 @cb704
0000000000000000: 00000003 00000000 00000000 0001 03 17894 @5c6b97908f0ea1f0/bus/systemd-logind/system
0000000000000000: 00000003 00000000 00000000 0005 03 1936850 @2bb83
0000000000000000: 00000003 00000000 00000000 0005 03 1869805 @0da28
0000000000000000: 00000003 00000000 00000000 0005 03 1950383 @85fda
0000000000000000: 00000003 00000000 00000000 0005 03 1927298 @1d7b8
0000000000000000: 00000003 00000000 00000000 0005 03 1874511 @f981b
0000000000000000: 00000003 00000000 00000000 0001 03 662239 @6aae7e127dfb1ad8/bus/systemd/bus-api-user
0000000000000000: 00000003 00000000 00000000 0001 03 662238 @b60483ae76207b2e/bus/systemd/bus-system
0000000000000000: 00000003 00000000 00000000 0005 03 1950382 @10a0c
0000000000000000: 00000003 00000000 00000000 0005 03 1874510 @92e10
0000000000000000: 00000003 00000000 00000000 0001 03 1864351 @6abef2d4907da314/bus/systemd/bus-api-user
0000000000000000: 00000002 00000000 00010000 0001 01 382919 @/tmp/.X11-unix/X1026
0000000000000000: 00000002 00000000 00010000 0001 01 406345 @/tmp/.ICE-unix/70185
0000000000000000: 00000002 00000000 00010000 0001 01 382921 @/tmp/.X11-unix/X1027
0000000000000000: 00000003 00000000 00000000 0005 03 1864538 @05924
0000000000000000: 00000003 00000000 00000000 0001 03 705590 @f705631d5ff19ebc/bus/systemd/bus-api-system
0000000000000000: 00000003 00000000 00000000 0001 03 672926 @54562dbd777030d7/bus/systemd-oomd/bus-api-oom
