entries  allocs   destroys hash_grows lookups  hits     res_failed rcv_probes_mcast rcv_probes_ucast periodic_gc_runs forced_gc_runs unresolved_discards table_fulls
0000000b 00000001 00000000 00000000   0000000c 00000000 00000001   00000000         00000000         00000975         00000000       00000000            00000000
0000000b 00000000 00000000 00000000   00000005 00000000 00000000   00000000         00000000         000004ab         00000000       00000000            00000000
0000000b 00000005 00000001 00000000   0000000c 00000000 00000001   00000000         00000000         00001f76         00000000       00000000            00000000
0000000b 00000000 00000000 00000000   00000005 00000000 00000000   00000000         00000000         000002cb         00000000       00000000            00000000
0000000b 00000003 00000001 00000000   00000006 00000000 00000007   00000000         00000000         00002637         00000000       00000000            00000000
0000000b 00000000 00000000 00000000   00000006 00000000 00000000   00000000         00000000         00000117         00000000       00000000            00000000
0000000b 00000002 00000000 00000000   0000000d 00000000 00000001   00000000         00000000         00002558         00000000       00000000            00000000
0000000b 00000000 00000000 00000000   00000003 00000000 00000000   00000000         00000000         000002f7         00000000       00000000            00000000
0000000b 00000004 00000009 00000001   00000004 00000000 00000003   00000000         00000000         000029f9         00000000       00000000            00000000
0000000b 00000000 00000000 00000000   00000002 00000000 00000000   00000000         00000000         000014a7         00000000       00000000            00000000
0000000b 00000006 00000000 00000000   00000007 00000000 00000006   00000000         00000000         00002e4a         00000000       00000000            00000000
0000000b 00000001 00000000 00000000   0000000b 00000000 00000000   00000000         00000000         00001514         00000000       00000000            00000000
0000000b 00000001 0000000d 00000000   0000000c 00000000 00000015   00000000         00000000         00002c51         00000000       00000000            00000000
0000000b 00000000 00000000 00000000   00000005 00000000 00000000   00000000         00000000         000008db         00000000       00000000            00000000
0000000b 00000003 00000000 00000000   00000009 00000000 00000002   00000000         00000000         0000250b         00000000       00000000            00000000
0000000b 00000000 00000000 00000000   00000004 00000000 00000000   00000000         00000000         0000081d         00000000       00000000            00000000
0000000b 00000000 00000000 00000000   00000004 00000000 00000005   00000000         00000000         00001d8e         00000000       00000000            00000000
0000000b 00000005 00000000 00000000   0016803d 00054132 0000000a   00000000         00000000         0000158a         00000000       00000000            00000000
0000000b 00000002 00000000 00000000   00000001 00000000 00000004   00000000         00000000         00000967         00000000       00000000            00000000
0000000b 00000002 00000000 00000000   00000002 00000000 00000005   00000000         00000000         00000556         00000000       00000000            00000000
