entries  in_hit   in_slow_tot in_slow_mc in_no_route in_brd   in_martian_dst in_martian_src out_hit  out_slow_tot out_slow_mc gc_total gc_ignored gc_goal_miss gc_dst_overflow in_hlist_search out_hlist_search
00000039 00000000 00000000    00000000   00000000    00000000 00000000       00000000       00000000 00000122     000000aa    00000000 00000000   00000000     00000000        00000000        00000000
00000039 00000000 00000000    00000000   00000000    00000000 00000000       00000000       00000000 00000027     0000000f    00000000 00000000   00000000     00000000        00000000        00000000
00000039 00000000 00000000    00000000   00000000    00000000 00000000       00000000       00000000 0000015c     000000c8    00000000 00000000   00000000     00000000        00000000        00000000
00000039 00000000 00000000    00000000   00000000    00000000 00000000       00000000       00000000 0000002a     00000010    00000000 00000000   00000000     00000000        00000000        00000000
00000039 00000000 00000000    00000000   00000000    00000000 00000000       00000000       00000000 00000106     00000079    00000000 00000000   00000000     00000000        00000000        00000000
00000039 00000000 00000000    00000000   00000000    00000000 00000000       00000000       00000000 0000003c     00000018    00000000 00000000   00000000     00000000        00000000        00000000
00000039 00000000 00000000    00000000   00000000    00000000 00000000       00000000       00000000 000000d5     0000006a    00000000 00000000   00000000     00000000        00000000        00000000
00000039 00000000 00000000    00000000   00000000    00000000 00000000       00000000       00000000 00000015     00000005    00000000 00000000   00000000     00000000        00000000        00000000
00000039 00000000 00000000    00000001   00000000    00000000 00000000       00000000       00000000 000001b1     0000010b    00000000 00000000   00000000     00000000        00000000        00000000
00000039 00000000 00000000    00000000   00000000    00000000 00000000       00000000       00000000 0000003b     00000017    00000000 00000000   00000000     00000000        00000000        00000000
00000039 00000000 00000000    00000000   00000000    00000000 00000000       00000000       00000000 0000010f     00000099    00000000 00000000   00000000     00000000        00000000        00000000
00000039 00000000 00000000    00000000   00000000    00000000 00000000       00000000       00000000 00000036     00000015    00000000 00000000   00000000     00000000        00000000        00000000
00000039 00000000 00000000    00000000   00000000    00000000 00000000       00000000       00000000 000000b0     00000042    00000000 00000000   00000000     00000000        00000000        00000000
00000039 00000000 00000000    00000000   00000000    00000000 00000000       00000000       00000000 0000002e     0000000e    00000000 00000000   00000000     00000000        00000000        00000000
00000039 00000000 00000000    00000000   00000000    00000000 00000000       00000000       00000000 00000067     00000027    00000000 00000000   00000000     00000000        00000000        00000000
00000039 00000000 00000000    00000000   00000000    00000000 00000000       00000000       00000000 0000001b     00000009    00000000 00000000   00000000     00000000        00000000        00000000
00000039 00000000 00000000    00000000   00000000    00000000 00000000       00000000       00000000 00000059     00000021    00000000 00000000   00000000     00000000        00000000        00000000
00000039 00000000 00160986    00001778   0015fe3e    0000ebe8 00000000       00000000       00000000 00000192     000000cb    00000000 00000000   00000000     00000000        00000000        00000000
00000039 00000000 00000000    00000000   00000000    00000000 00000000       00000000       00000000 00000101     0000008f    00000000 00000000   00000000     00000000        00000000        00000000
00000039 00000000 00000000    00000000   00000000    00000000 00000000       00000000       00000000 0000003a     00000010    00000000 00000000   00000000     00000000        00000000        00000000
